1,-178.75,-176.25,-173.75,-171.25,-168.75,-166.25,-163.75,-161.25,-158.75,-156.25,-153.75,-151.25,-148.75,-146.25,-143.75,-141.25,-138.75,-136.25,-133.75,-131.25,-128.75,-126.25,-123.75,-121.25,-118.75,-116.25,-113.75,-111.25,-108.75,-106.25,-103.75,-101.25,-98.75,-96.25,-93.75,-91.25,-88.75,-86.25,-83.75,-81.25,-78.75,-76.25,-73.75,-71.25,-68.75,-66.25,-63.75,-61.25,-58.75,-56.25,-53.75,-51.25,-48.75,-46.25,-43.75,-41.25,-38.75,-36.25,-33.75,-31.25,-28.75,-26.25,-23.75,-21.25,-18.75,-16.25,-13.75,-11.25,-8.75,-6.25,-3.75,-1.25,1.25,3.75,6.25,8.75,11.25,13.75,16.25,18.75,21.25,23.75,26.25,28.75,31.25,33.75,36.25,38.75,41.25,43.75,46.25,48.75,51.25,53.75,56.25,58.75,61.25,63.75,66.25,68.75,71.25,73.75,76.25,78.75,81.25,83.75,86.25,88.75,91.25,93.75,96.25,98.75,101.25,103.75,106.25,108.75,111.25,113.75,116.25,118.75,121.25,123.75,126.25,128.75,131.25,133.75,136.25,138.75,141.25,143.75,146.25,148.75,151.25,153.75,156.25,158.75,161.25,163.75,166.25,168.75,171.25,173.75,176.25,178.75,2
88.75,12.64,12.62,12.6,12.58,12.56,12.55,12.54,12.53,12.52,12.51,12.49,12.48,12.46,12.45,12.43,12.41,12.39,12.37,12.35,12.33,12.31,12.29,12.26,12.24,12.21,12.25,12.09,12.08,12.06,12.05,12.03,12.03,12.02,11.96,11.97,11.99,12.01,12.03,12.06,12.08,12.11,12.16,12.22,12.28,12.35,12.43,12.51,12.59,12.68,12.77,12.87,12.97,13.08,13.2,13.29,13.39,13.49,13.59,13.7,13.81,13.92,14.03,14.15,14.26,14.38,14.49,14.6,14.71,14.82,14.93,15.05,15.17,15.29,15.41,15.53,15.64,15.75,15.85,15.96,16.04,16.12,16.2,16.28,16.36,16.43,16.5,16.57,16.64,16.7,16.74,16.75,16.76,16.77,16.77,16.78,16.78,16.79,16.73,16.73,16.78,16.77,16.74,16.68,16.6,16.33,16.29,16.2,16.11,16.02,15.94,15.86,15.78,15.71,15.62,15.48,15.34,15.2,15.06,14.92,14.78,14.64,14.49,14.35,14.22,14.11,13.99,13.87,13.75,13.63,13.51,13.39,13.26,13.17,13.12,13.06,13,12.95,12.89,12.83,12.78,12.73,12.7,12.68,12.66,88.75
86.25,9.88,9.84,9.79,9.77,9.75,9.73,9.72,9.72,9.72,9.73,9.74,9.76,9.79,9.82,9.85,9.88,9.91,9.92,9.89,9.85,9.8,9.69,9.57,9.45,9.33,9.22,9.14,9.06,8.98,8.95,8.93,8.91,8.9,8.89,8.88,8.88,8.9,8.91,8.94,8.96,8.99,9.03,9.08,9.13,9.19,9.25,9.32,9.38,9.44,9.51,9.59,9.68,9.76,9.84,9.93,10.02,10.14,10.27,10.4,10.56,10.72,10.9,11.11,11.32,11.57,11.86,12.14,12.51,12.88,13.28,13.77,14.26,14.76,15.3,15.82,16.36,16.91,17.41,17.88,18.37,18.84,19.3,19.73,20.15,20.56,20.98,21.37,21.78,22.19,22.55,22.88,23.21,23.48,23.74,24.02,24.24,24.46,24.68,24.84,25,24.86,24.82,25.27,25.19,25.1,24.89,24.55,24.19,23.66,23.07,22.48,21.69,21.03,20.39,19.67,18.93,18.2,17.48,16.76,16.05,15.35,14.76,14.25,13.75,13.31,12.97,12.64,12.32,12.07,11.82,11.58,11.38,11.19,11.01,10.86,10.72,10.59,10.48,10.36,10.26,10.17,10.08,10.01,9.94,86.25
83.75,9.04,8.99,8.94,8.91,8.88,8.85,8.82,8.78,8.75,8.73,8.71,8.69,8.67,8.65,8.65,8.64,8.65,8.65,8.65,8.65,8.65,8.63,8.6,8.56,8.52,8.48,8.45,8.41,8.38,8.33,8.28,8.21,8.16,8.15,8.17,8.26,8.5,8.86,9.31,9.45,9.5,9.62,9.88,10.39,10.81,11.07,11.31,11.17,10.77,10.37,10.06,10.2,10.42,10.5,10.32,10.02,9.83,9.79,-999,-999,-999,-999,10.82,11.01,11.22,11.46,11.58,11.72,12.18,12.78,13.48,14.38,15.32,16.46,17.57,18.71,19.68,20.45,21.09,21.69,22.22,22.69,23.24,23.75,24.26,24.99,25.71,26.54,27.55,28.47,29.38,30.3,31.14,31.85,32.5,33.13,33.99,34.92,36.11,37.43,39.24,39.63,40.26,40.56,40.69,40.89,41.14,41.09,40.84,39.74,38.41,36.6,34.61,32.49,30.33,28.19,26.13,24.07,22.23,20.45,18.77,17.2,15.71,14.53,13.43,12.66,11.98,11.53,11.15,10.88,10.67,10.5,10.36,10.22,10.09,9.96,9.84,9.72,9.6,9.48,9.37,9.27,9.18,9.11,83.75
81.25,9.6,9.55,9.51,9.49,9.46,9.44,9.4,9.35,9.28,9.21,9.14,9.08,9.02,8.97,8.9,8.84,8.78,8.73,8.7,8.67,8.64,8.62,8.58,8.56,8.54,8.5,8.44,8.35,8.22,8.07,7.79,7.5,7.36,7.5,-999,-999,-999,-999,-999,-999,-999,-999,-999,-999,-999,11.44,10.4,-999,-999,-999,-999,-999,-999,-999,-999,-999,-999,-999,-999,-999,-999,-999,-999,-999,-999,-999,-999,-999,12.74,13.4,14.65,16.64,19.66,24.35,30.36,37.15,43.87,48.15,50.26,50.59,48.75,47.1,45.05,42.85,41.44,40.36,39.68,40.05,41.7,43.28,42.38,41.34,40.59,40.62,40.4,40.46,41.67,44.25,47.9,50,48.1,45.28,45.79,47.47,47.17,44.59,40.65,37.85,37.38,38.18,39.42,41.79,43.25,42.47,40.37,37.46,34.74,32.05,29.04,26,23.21,20.86,18.98,17.3,15.92,14.84,13.94,13.18,12.51,12.02,11.61,11.28,10.99,10.76,10.57,10.42,10.29,10.18,10.09,10.01,9.93,9.84,9.75,9.67,81.25
78.75,10.74,10.7,10.65,10.6,10.56,10.51,10.52,10.54,10.56,10.55,10.51,10.42,10.32,10.19,10.06,9.95,9.84,9.73,9.61,9.49,9.35,9.21,9.07,9.04,9.07,9.1,9.03,8.9,8.73,8.63,8.33,7.82,7.61,9.12,-999,-999,-999,-999,-999,-999,-999,-999,-999,9.21,7.22,-999,-999,-999,-999,-999,-999,-999,-999,-999,-999,-999,-999,-999,-999,-999,-999,-999,-999,-999,-999,16.06,16.55,16.78,17.26,18.39,20.55,24.31,31.31,42.68,49.47,46.53,-999,-999,-999,-999,-999,-999,44.31,44.04,44.54,45.39,43.98,43.13,43.17,42.86,42.06,41.35,40.93,42.75,44.69,44.54,43.95,45.05,46,46.54,46.11,44.4,40.32,38.45,36.15,33.21,29.84,27.27,26.06,25.57,23.82,21.88,-999,-999,-999,28.44,28.27,26.88,24.77,22.82,20.7,18.86,17.74,16.93,16.41,15.92,15.57,15.18,14.65,14.06,13.37,12.65,12.06,11.65,11.47,11.44,11.41,11.36,11.3,11.22,11.12,11,10.88,10.8,78.75
76.25,12.97,12.92,12.93,13.07,13.29,13.51,13.63,13.61,13.47,13.25,12.99,12.67,12.35,12.04,11.75,11.47,11.22,10.99,10.74,10.5,10.21,9.89,10.28,11.76,12.27,12.02,10.72,9.56,-999,9.14,8.53,-999,-999,9.54,10.69,-999,-999,-999,-999,11.82,10.37,10.11,9.29,9.1,-999,-999,-999,-999,-999,-999,-999,-999,-999,-999,-999,-999,-999,-999,-999,-999,-999,-999,-999,-999,-999,16.16,18.93,24.08,31.49,37.95,45.67,52.67,55.64,54.82,50.49,45.21,40.62,37.78,38.07,41.42,43.16,40.8,39.03,36.63,34.63,34.99,36.6,37.03,36.6,36.97,37.52,37.89,38,37.45,36.75,37.47,-999,-999,-999,39.94,32.51,27.83,24.91,22.53,20.9,19.53,18.47,17.37,-999,-999,-999,-999,-999,-999,-999,-999,-999,-999,17.07,16.35,15.74,14.51,14.36,14.75,15.24,15.49,16.15,-999,16.3,-999,15.07,14.61,14.19,13.67,13.17,12.74,12.54,12.53,12.61,12.7,12.76,12.84,12.92,12.97,76.25
73.75,14.08,14.88,15.8,16.58,17.08,17.22,17.01,15.99,15.02,14.65,14.41,14.11,13.77,13.5,13.27,13.04,12.79,12.56,12.32,12.14,12.19,11.65,-999,-999,-999,-999,15.4,14.15,12.49,-999,11.75,-999,-999,-999,-999,-999,-999,-999,-999,-999,-999,9.92,9.43,9.3,9.59,10.11,10.74,11.86,12.93,-999,-999,-999,-999,-999,-999,-999,-999,-999,-999,-999,-999,-999,-999,-999,16.43,24.07,41.69,43.35,42.77,42.98,43.83,45.07,46.32,46.88,45.78,42.78,37.92,33.38,30.67,32.45,32.55,31.58,29.69,28.05,27.83,29.1,32.06,34.92,35.13,35.16,36.23,35.98,35.68,-999,-999,-999,25.91,23.44,22.6,21.16,19,17.54,16.7,16.46,-999,-999,-999,-999,-999,-999,-999,-999,-999,-999,-999,-999,-999,-999,-999,15.27,13.67,-999,-999,15.02,15.24,15.33,15.68,16.04,15.84,15.65,15.33,15.09,14.4,14.58,14.71,14.55,14.34,14.13,13.91,13.75,13.65,13.5,13.35,13.47,73.75
71.25,14.92,15.51,15.53,15.93,16.36,16.13,16.26,16.23,15.8,-999,16.49,15.76,16.48,16.23,15.46,14.39,13.86,14.05,15.61,16.07,15.47,14.26,-999,14.29,14.18,-999,-999,-999,-999,-999,14.58,13.38,13.29,-999,-999,11.32,-999,-999,-999,-999,-999,-999,-999,-999,10.51,9.6,9.69,10.17,11.42,12.17,14.18,-999,-999,-999,-999,-999,-999,-999,-999,-999,-999,-999,-999,-999,23.87,38.6,38.82,36.25,34.69,33.5,32.52,31.98,30.6,29.82,29.51,29.04,26.41,20.92,20.36,19.08,18.76,19.35,19.51,20.79,23.8,26.93,27.82,28.37,29.23,32.28,34.94,36.23,34.42,-999,-999,26.2,25.01,24.65,22.82,-999,-999,-999,-999,-999,-999,-999,-999,-999,-999,-999,-999,-999,-999,-999,-999,-999,-999,-999,-999,-999,-999,-999,-999,-999,-999,-999,-999,-999,-999,-999,-999,-999,-999,-999,-999,14.08,13.6,13.51,13.13,13.05,13.23,13.76,14.09,14.41,71.25
68.75,-999,16.63,17.7,19.23,19.69,18.79,-999,-999,-999,-999,-999,-999,-999,-999,-999,-999,-999,-999,-999,-999,-999,-999,-999,-999,-999,-999,-999,-999,-999,-999,-999,14.7,-999,-999,-999,-999,-999,17.44,-999,14.58,14.87,16.12,-999,-999,-999,11.79,10.96,9.84,10.54,9.62,-999,-999,-999,-999,-999,-999,-999,-999,-999,-999,-999,-999,23,29.09,33.62,24.54,16.13,14.04,21.41,28.74,31.46,29.33,27.17,26.62,26.33,23.58,18.18,16.61,-999,-999,-999,-999,-999,-999,-999,-999,-999,30.1,31.25,29.58,29.12,25.46,24.95,-999,-999,-999,-999,-999,-999,-999,-999,-999,-999,-999,-999,-999,-999,-999,-999,-999,-999,-999,-999,-999,-999,-999,-999,-999,-999,-999,-999,-999,-999,-999,-999,-999,-999,-999,-999,-999,-999,-999,-999,-999,-999,-999,-999,-999,-999,-999,-999,-999,-999,-999,68.75
66.25,-999,-999,-999,-999,21.05,-999,-999,-999,-999,-999,-999,-999,-999,-999,-999,-999,-999,-999,-999,-999,-999,-999,-999,-999,-999,-999,-999,-999,-999,-999,-999,-999,-999,-999,-999,-999,-999,-999,-999,13.37,13.47,13.77,-999,-999,-999,-999,-999,11.14,9.25,10.2,-999,-999,-999,-999,-999,-999,-999,-999,-999,29.77,31.1,25.53,-999,27.16,28.66,-999,14.8,-8.29,-9.84,-0.49,10.07,17.81,22.91,23.29,18.42,14.81,15.59,-999,-999,-999,-999,-999,-999,-999,-999,-999,-999,-999,24.83,-999,-999,-999,-999,-999,-999,-999,-999,-999,-999,-999,-999,-999,-999,-999,-999,-999,-999,-999,-999,-999,-999,-999,-999,-999,-999,-999,-999,-999,-999,-999,-999,-999,-999,-999,-999,-999,-999,-999,-999,-999,-999,-999,-999,-999,-999,-999,-999,-999,-999,-999,-999,-999,-999,-999,66.25
63.75,25.95,30.06,27.71,-999,24.98,22.94,20.29,-999,-999,-999,-999,-999,-999,-999,-999,-999,-999,-999,-999,-999,-999,-999,-999,-999,-999,-999,-999,-999,-999,-999,-999,-999,-999,-999,-999,-999,13.34,-999,-999,-999,14.26,12.74,13.92,-999,-999,-999,13.2,9.91,9.75,12.02,13.64,-999,-999,-999,-999,-999,23.42,16.74,13.16,14.15,8.28,6.75,7.78,-999,-999,5.2,0.73,1.55,2.61,3.53,3.51,8.7,14.41,15.1,12.79,-999,-999,-999,-999,-999,20.21,-999,-999,-999,-999,-999,-999,-999,-999,-999,-999,-999,-999,-999,-999,-999,-999,-999,-999,-999,-999,-999,-999,-999,-999,-999,-999,-999,-999,-999,-999,-999,-999,-999,-999,-999,-999,-999,-999,-999,-999,-999,-999,-999,-999,-999,-999,-999,-999,-999,-999,-999,-999,-999,-999,-999,-999,-999,-999,-999,-999,-999,-999,-999,63.75
61.25,30.85,33.82,33.42,32.65,29.47,-999,-999,-999,-999,-999,-999,-999,-999,-999,-999,-999,-999,-999,-999,-999,-999,-999,-999,-999,-999,-999,-999,-999,-999,-999,-999,-999,-999,-999,-999,16.61,16.99,17.51,17.87,18.11,17.27,-999,-999,-999,15.46,14,11.84,11.88,13.69,11.75,12.73,15.08,-999,-999,-999,21.92,12.97,13.31,13.55,11.03,6,3.58,2.2,2.99,5.01,6.88,7.48,6.12,5.96,6.96,6.44,7.06,11.12,12.44,-999,-999,-999,-999,-999,21.11,-999,-999,-999,-999,-999,-999,-999,-999,-999,-999,-999,-999,-999,-999,-999,-999,-999,-999,-999,-999,-999,-999,-999,-999,-999,-999,-999,-999,-999,-999,-999,-999,-999,-999,-999,-999,-999,-999,-999,-999,-999,-999,-999,-999,-999,-999,-999,-999,-999,-999,-999,-999,-999,-999,-999,15.1,14.41,-999,-999,-999,-999,26.77,26.76,28.67,61.25
58.75,24.96,26.91,29.69,32.08,33.05,32.43,31.45,-999,-999,-999,-999,25.97,22.93,22.29,21.43,21.12,-999,-999,-999,-999,-999,-999,-999,-999,-999,-999,-999,-999,-999,-999,-999,-999,-999,-999,-999,18.19,18.01,18.27,19.03,20.11,19.77,-999,-999,-999,-999,-999,-999,12.85,15.47,10.69,9.77,9.49,9.36,12.9,15.33,13.46,13.24,13.78,11.92,7.08,3.27,3.31,4.89,5.67,6.66,7.32,7.02,7.26,5.79,7.96,-999,8.89,10.37,11.72,-999,-999,-999,-999,-999,16.24,20,-999,-999,-999,-999,-999,-999,-999,-999,-999,-999,-999,-999,-999,-999,-999,-999,-999,-999,-999,-999,-999,-999,-999,-999,-999,-999,-999,-999,-999,-999,-999,-999,-999,-999,-999,-999,-999,-999,-999,-999,-999,-999,-999,-999,-999,-999,-999,-999,26.45,27,21.45,21.75,23.69,22.83,-999,-999,25.45,25.56,25.02,24.45,23.87,23.34,23.84,58.75
56.25,21.5,22.65,23.83,25.12,26.26,26.88,26.88,27.42,-999,24.36,22.98,22.4,21.95,21.78,21.58,21.51,21.09,21.47,20.42,-999,-999,-999,-999,-999,-999,-999,-999,-999,-999,-999,-999,-999,-999,-999,-999,-999,-999,19.74,20.48,23.09,21.53,-999,-999,-999,-999,-999,-999,-999,12.48,13.75,10.43,10.54,10.52,9.76,10.32,11.94,13.22,12.22,8.88,6.23,5.43,6.52,6.86,7.11,8.67,9.69,9.27,8.24,8.77,-999,-999,11.96,13.17,14.65,13.9,-999,-999,-999,-999,18.48,-999,-999,-999,-999,-999,-999,-999,-999,-999,-999,-999,-999,-999,-999,-999,-999,-999,-999,-999,-999,-999,-999,-999,-999,-999,-999,-999,-999,-999,-999,-999,-999,-999,-999,-999,-999,-999,-999,-999,-999,-999,-999,-999,-999,-999,-999,-999,29.42,30.07,30.11,28.33,27.29,26.3,25.01,-999,-999,-999,24.63,21.03,20.24,19.54,19.39,19.62,20.35,56.25
53.75,18.75,19.6,20.41,20.97,21.99,22.66,23.11,22.97,22.56,21.99,22.04,21.84,22.02,21.99,21.75,21.23,21.07,21.21,20.72,21.04,-999,-999,-999,-999,-999,-999,-999,-999,-999,-999,-999,-999,-999,-999,-999,-999,-999,-999,-999,23.29,-999,-999,-999,-999,-999,-999,-999,-999,-999,-999,14.69,12.44,9.7,9.93,10.51,11.11,12.04,12.09,12.14,12.41,11.92,11.62,11.08,9.46,9.9,11.73,11.45,9.78,-999,-999,-999,-999,14.88,13.74,14.1,-999,-999,-999,-999,-999,-999,-999,-999,-999,-999,-999,-999,-999,-999,-999,-999,-999,-999,-999,-999,-999,-999,-999,-999,-999,-999,-999,-999,-999,-999,-999,-999,-999,-999,-999,-999,-999,-999,-999,-999,-999,-999,-999,-999,-999,-999,-999,-999,-999,-999,-999,-999,-999,20.74,23.56,27.12,25.8,24.96,23.67,-999,-999,22.79,20.1,18.57,18.5,18.38,18.27,18.16,18.31,53.75
51.25,18.15,18.73,19.74,20.5,21.24,21.55,21.35,21.04,20.95,20.85,20.8,20.89,21.05,21.26,21.34,21.11,20.93,20.94,20.7,20.51,20.44,-999,-999,-999,-999,-999,-999,-999,-999,-999,-999,-999,-999,-999,-999,-999,-999,-999,-999,-999,-999,-999,-999,-999,-999,-999,-999,-999,-999,-999,16.09,16.29,13.69,12.59,12.51,13,13.63,15.13,16.98,15.86,12.22,12.26,14.11,13.68,12.51,12.97,13.37,10.94,14.19,15.62,-999,-999,15.51,-999,-999,-999,-999,-999,-999,-999,-999,-999,-999,-999,-999,-999,-999,-999,-999,-999,-999,-999,-999,-999,-999,-999,-999,-999,-999,-999,-999,-999,-999,-999,-999,-999,-999,-999,-999,-999,-999,-999,-999,-999,-999,-999,-999,-999,-999,-999,-999,-999,-999,-999,-999,-999,-999,-999,-999,-999,28.55,25.72,24.13,22.46,-999,-999,19.94,18.93,18.62,17.96,17.39,17.27,17.28,17.61,51.25
48.75,17.32,17.93,18.42,18.64,18.87,19.03,19.01,18.88,18.81,18.91,19.15,19.49,19.92,20.21,20.49,20.58,20.33,20.41,20.55,20.35,19.88,20.16,-999,-999,-999,-999,-999,-999,-999,-999,-999,-999,-999,-999,-999,-999,-999,-999,-999,-999,-999,-999,-999,-999,-999,-999,27.2,25.3,-999,-999,-999,17.77,15.1,13.91,14.31,18.43,19.08,19.66,20.33,17.19,12.41,12.14,14.22,14.34,13.88,13.97,15.39,12.95,13.82,14.04,-999,-999,-999,-999,-999,-999,-999,-999,-999,-999,-999,-999,-999,-999,-999,-999,-999,-999,-999,-999,-999,-999,-999,-999,-999,-999,-999,-999,-999,-999,-999,-999,-999,-999,-999,-999,-999,-999,-999,-999,-999,-999,-999,-999,-999,-999,-999,-999,-999,-999,-999,-999,-999,-999,-999,-999,-999,-999,-999,23.88,27.87,25.86,24.45,22.61,22.52,21.43,19.64,19.18,18.64,17.86,17.19,17.02,17.1,17.15,48.75
46.25,16.25,16.05,16.07,16.18,16.18,16.33,16.68,17.08,17.35,17.65,18.02,18.42,18.79,19.2,19.63,19.74,19.55,19.48,19.64,19.95,19.86,19.98,-999,-999,-999,-999,-999,-999,-999,-999,-999,-999,-999,-999,-999,-999,-999,-999,-999,-999,-999,-999,-999,-999,-999,-999,23.82,24.56,22,21.54,19.55,19.69,20.95,21.94,25.05,25.32,23.24,21.15,19.01,15.56,12.3,12.94,14.73,15.06,14.85,15.75,16.25,14.72,13.69,13.25,11.83,-999,-999,-999,-999,-999,-999,-999,-999,-999,-999,-999,-999,-999,-999,-999,-999,-999,-999,-999,-999,-999,21.6,-999,-999,-999,-999,-999,-999,-999,-999,-999,-999,-999,-999,-999,-999,-999,-999,-999,-999,-999,-999,-999,-999,-999,-999,-999,-999,-999,-999,-999,-999,-999,-999,-999,-999,18.36,22.06,25.02,26.14,26.04,24.71,22.07,21.16,20.3,19.26,18.59,18.04,17.47,17.06,16.81,16.67,16.48,46.25
43.75,14.59,14.58,14.61,14.56,14.58,14.94,15.32,15.79,16.22,16.53,16.98,17.33,17.61,17.99,18.33,18.41,18.3,18.31,18.84,19.57,19.71,19.68,-999,-999,-999,-999,-999,-999,-999,-999,-999,-999,-999,-999,-999,-999,-999,-999,-999,-999,-999,-999,-999,-999,21.57,-999,21.8,22.83,19.86,17.73,18.91,23.84,24.54,22.8,20.53,19.39,18.22,15.54,13.21,11.87,12.67,14.88,15.44,15.47,16.02,15.84,14.72,13.38,-999,-999,-999,-999,-999,-999,-999,17.66,-999,-999,-999,-999,-999,-999,-999,-999,18.69,17.98,17.48,18.15,-999,-999,-999,21.04,-999,-999,-999,-999,-999,-999,-999,-999,-999,-999,-999,-999,-999,-999,-999,-999,-999,-999,-999,-999,-999,-999,-999,-999,-999,-999,-999,-999,-999,-999,-999,-999,-999,-999,17.98,16.57,-999,-999,24.25,23.95,22.51,20.77,19.61,18.21,16.85,16.27,16.2,16.01,15.82,15.66,15.35,14.97,43.75
41.25,13.21,13.5,13.71,13.76,13.93,14.18,14.34,14.73,15.22,15.61,15.94,16.2,16.45,16.77,17.1,17.18,17.1,17.31,18.16,19.13,19.57,19.85,-999,-999,-999,-999,-999,-999,-999,-999,-999,-999,-999,-999,-999,-999,-999,-999,-999,-999,-999,-999,-999,-999,18.79,13.58,9.36,8.99,8.55,7.4,9.04,12.08,12.46,12.51,14.74,14.17,12.63,11.23,11.98,13.34,14.99,15.82,16.05,16.7,16.51,15.43,14.09,12.67,-999,-999,-999,-999,-999,17.89,17.42,-999,17.73,-999,-999,17.32,-999,-999,-999,-999,-999,-999,-999,-999,-999,-999,-999,-999,20.35,-999,-999,-999,-999,-999,-999,-999,-999,-999,-999,-999,-999,-999,-999,-999,-999,-999,-999,-999,-999,-999,-999,-999,-999,-999,-999,-999,-999,-999,-999,-999,16.79,18.08,16.77,16.34,-999,9.18,10.82,13.75,14.68,15.17,14.98,14,13.17,13.08,13.31,13.36,13.27,13.17,13.11,13.1,41.25
38.75,14.25,14.36,14.3,14.41,14.49,14.45,14.37,14.52,14.75,14.75,14.85,14.95,15.04,15.37,15.7,15.92,16.16,16.63,17.52,18.58,19.38,20.09,-999,-999,-999,-999,-999,-999,-999,-999,-999,-999,-999,-999,-999,-999,-999,-999,-999,-999,-999,-999,8.77,4.89,6.24,7.6,9.14,9.1,7.43,5.73,4.99,6.33,9.26,12.13,12.68,12.07,11.97,13.05,14.49,15.43,15.85,16.14,16.49,16.86,16.55,15.54,13.83,11.94,-999,-999,-999,-999,14.58,15.51,16.03,17.6,18.2,17.35,-999,17.59,-999,-999,17.51,-999,-999,-999,-999,-999,-999,-999,-999,-999,20.16,-999,-999,-999,-999,-999,-999,-999,-999,-999,-999,-999,-999,-999,-999,-999,-999,-999,-999,-999,-999,-999,-999,-999,-999,-999,-999,22.62,21.73,19.69,-999,15.85,17.51,16.66,14.23,16.4,-999,5,10.51,12.71,13.65,13.69,13.3,12.99,12.9,13.11,13.48,13.72,13.89,14.06,14.03,14.05,38.75
36.25,15.69,15.61,15.4,15.24,14.99,14.74,14.6,14.47,14.39,14.15,14.08,14.03,13.97,14.14,14.27,14.63,15.14,15.9,16.73,17.69,18.79,19.59,20.18,-999,-999,-999,-999,-999,-999,-999,-999,-999,-999,-999,-999,-999,-999,-999,-999,-999,-999,-999,9.41,10.98,11.53,12.26,12.72,12.01,10.65,9.86,9.64,10.56,11.88,12.25,12.18,12.83,14.22,15.34,16.15,16.11,15.84,16,16.17,16.49,16.55,15.67,13.7,11.49,11.33,-999,-999,12.21,-999,-999,-999,-999,16.56,16.48,16.64,17.09,16.41,17.4,16.68,17.32,-999,-999,-999,-999,-999,-999,-999,-999,-999,-999,-999,-999,-999,-999,-999,-999,-999,-999,-999,-999,-999,-999,-999,-999,-999,-999,-999,-999,-999,-999,-999,-999,-999,-999,-999,-999,-999,20.01,18.84,-999,15.52,15.1,-999,-999,-999,12.44,13.59,14.19,14.17,14.05,14.2,14.58,14.86,15.08,15.27,15.41,15.51,15.64,15.54,15.57,36.25
33.75,15.96,15.78,15.67,15.33,14.93,14.61,14.32,13.96,13.6,13.3,13.13,13.16,13.08,13.07,13.17,13.7,14.42,15.19,16.1,17.02,18.23,19.29,19.26,18.88,-999,-999,-999,-999,-999,-999,-999,-999,-999,-999,-999,-999,-999,-999,-999,-999,-999,10,12.79,13.5,13.6,13.56,13.26,12.9,12.69,12.53,12.78,13.36,13.79,13.88,14.44,15.33,15.87,16.17,16.12,15.86,15.67,15.7,15.96,16.58,16.98,15.87,13.21,10.6,-999,-999,-999,-999,-999,-999,-999,-999,-999,16.37,16.22,16.01,15.69,16.32,16.27,16.76,16.79,16.16,-999,-999,-999,-999,-999,-999,-999,-999,-999,-999,-999,-999,-999,-999,-999,-999,-999,-999,-999,-999,-999,-999,-999,-999,-999,-999,-999,-999,-999,-999,-999,-999,-999,-999,-999,17.63,17.46,13.35,-999,-999,-999,12.2,12.2,12.83,13.6,13.7,13.61,14.18,14.95,15.47,15.62,15.6,15.64,15.59,15.75,16.07,16.28,16.2,33.75
31.25,14.87,14.79,14.55,14.2,13.84,13.49,13.13,12.68,12.35,12.11,12.14,12.37,12.42,12.7,13.05,13.6,14.43,15.24,16,16.92,17.95,18.67,19.01,18.58,17.92,-999,-999,-999,-999,-999,-999,-999,-999,-999,-999,-999,-999,-999,-999,-999,12.43,12.45,13.77,14.3,13.53,13.34,13.32,13.42,13.77,14.2,14.66,15.05,15.44,15.58,15.83,15.96,15.89,15.88,15.78,15.77,15.83,16.16,16.93,17.86,17.63,15.21,11.22,8.17,-999,-999,-999,-999,-999,-999,-999,-999,-999,-999,-999,15.42,-999,-999,-999,15.89,-999,-999,-999,-999,-999,-999,-999,-999,-999,-999,-999,-999,-999,-999,-999,-999,-999,-999,-999,-999,-999,-999,-999,-999,-999,-999,-999,-999,-999,-999,-999,-999,-999,-999,-999,-999,-999,17.32,15.16,13.42,-999,11.49,12.04,12.53,12.73,12.82,12.86,13.1,13.85,14.57,14.92,14.8,14.58,14.64,14.98,15.33,15.6,15.69,15.45,15.13,31.25
28.75,13.53,13.1,12.7,12.4,12.03,11.73,11.49,11.29,11.32,11.36,11.49,11.86,12.33,12.82,13.37,14,14.78,15.57,16.36,17.22,17.9,18.22,18.3,18.08,17.52,17.7,-999,-999,-999,-999,-999,-999,-999,-999,13.04,12.42,12.74,13.24,12.93,-999,12.56,12.98,13.68,13.22,12.98,13.42,13.97,14.46,15.02,15.43,15.81,16.31,16.49,16.35,16.16,16.07,16.18,16.25,16.46,16.74,17.16,17.65,17.99,17.11,14.42,10.94,8.98,-999,-999,-999,-999,-999,-999,-999,-999,-999,-999,-999,-999,-999,-999,-999,-999,-999,-999,-999,-999,-999,-999,-999,-999,17.88,-999,-999,-999,-999,-999,-999,-999,-999,-999,-999,-999,-999,-999,-999,-999,-999,-999,-999,-999,-999,-999,-999,-999,-999,-999,-999,-999,-999,-999,16.46,12.72,10.6,10.5,11.63,12.26,12.55,12.87,12.99,13.16,13.35,13.53,13.66,13.78,13.88,14.07,14.28,14.3,14.27,14.26,14.21,14.2,13.91,28.75
26.25,12.03,11.68,11.29,10.99,10.67,10.49,10.41,10.44,10.58,10.74,11.02,11.66,12.35,12.97,13.85,14.74,15.57,16.27,16.73,17.17,17.56,17.69,17.58,17.36,17.04,16.88,16.62,-999,-999,-999,-999,-999,-999,12.57,12.65,12.67,11.99,12.78,13.01,-999,12.5,12.58,13.68,13.46,14.53,15.3,15.73,16.2,16.62,16.92,17.02,17.03,16.82,16.64,16.55,16.69,17.05,17.44,17.86,17.82,17.35,16.39,14.67,12,9.03,6.76,-999,-999,-999,-999,-999,-999,-999,-999,-999,-999,-999,-999,-999,-999,-999,-999,-999,-999,-999,-999,-999,-999,-999,-999,-999,-999,17.15,-999,-999,-999,-999,-999,-999,-999,-999,-999,-999,-999,-999,-999,-999,-999,-999,-999,-999,-999,-999,-999,-999,-999,-999,-999,-999,-999,17.61,12.26,10.44,10.79,11.92,12.07,12.05,12.22,12.26,12.1,12.09,12.32,12.68,13.01,13.19,13.42,13.37,13.29,13.22,13.16,12.95,12.84,12.73,12.41,26.25
23.75,11.43,11.34,11.13,10.93,10.83,10.76,10.82,11.05,11.23,11.49,11.58,12.2,12.97,13.77,14.63,15.28,15.83,16.27,16.65,16.97,17.09,17.07,16.84,16.61,16.24,15.69,14.69,-999,11.96,-999,-999,-999,-999,12.58,12.51,12.13,12.38,12.82,12.61,12.45,12.5,12.85,13.3,14.43,15.22,16.05,16.52,16.69,16.52,16.22,15.84,15.5,15.47,15.76,16.27,16.9,17.37,17.15,16.21,14.92,13.49,11.87,9.96,7.94,6.51,-999,-999,-999,-999,-999,-999,-999,-999,-999,-999,-999,-999,-999,-999,-999,-999,-999,-999,-999,-999,-999,14.84,-999,-999,-999,-999,-999,-999,-999,-999,-999,13.39,14.23,14.42,-999,-999,-999,-999,-999,-999,-999,-999,-999,-999,-999,-999,-999,-999,-999,-999,-999,-999,-999,-999,13.08,-999,10.56,9.61,11.22,11.39,11.28,11.35,11.51,11.51,11.43,11.49,11.78,12.12,12.21,12.19,12.26,12.29,12.35,12.36,12.29,12.08,11.99,11.87,11.63,23.75
21.25,11.22,11.19,11.09,11.08,11.17,11.17,11.19,11.31,11.56,11.96,12.37,13.1,13.77,14.46,14.95,15.35,15.79,16.21,16.44,16.65,16.77,16.55,16.31,15.95,15.41,14.58,13.65,12.37,11.73,12.08,-999,-999,-999,12.63,12.42,11.74,-999,13.14,12.73,13.45,-999,-999,13.51,14.9,14.52,15.23,15.09,14.9,14.6,14.31,14.34,14.49,14.76,14.94,14.9,14.58,13.97,13.08,12.07,11.12,10.22,9.3,8.42,8.37,9.73,-999,-999,-999,-999,-999,-999,-999,-999,-999,-999,-999,-999,-999,-999,-999,-999,-999,-999,-999,-999,-999,-999,-999,-999,-999,-999,-999,-999,-999,-999,-999,13.76,14.17,14.28,14.47,-999,-999,-999,-999,-999,-999,-999,13.96,13.89,-999,-999,-999,-999,-999,-999,17.73,-999,13.12,11.96,11.47,-999,11.03,10.92,10.92,10.85,10.93,10.99,11.03,11.04,11.07,11.21,11.3,11.38,11.41,11.45,11.61,11.75,11.84,11.91,11.91,11.75,11.64,11.48,11.34,21.25
18.75,11.1,11.17,11.28,11.45,11.61,11.74,12.02,12.38,12.58,-999,13.25,13.95,14.44,14.87,15.22,15.52,15.83,16.05,16.22,16.17,15.95,15.53,15.13,14.7,14.2,13.47,12.59,11.66,11.51,11.7,-999,-999,-999,-999,13.59,-999,-999,13.19,13.25,13.34,13.85,14.38,14.49,-999,13.68,13.97,14.06,14.07,14,14.05,13.98,13.84,13.62,13.24,12.71,11.99,11.11,10.31,9.84,9.58,9.5,9.72,10.34,11.6,13.55,-999,-999,-999,-999,-999,-999,-999,-999,-999,-999,-999,-999,-999,-999,-999,-999,-999,-999,-999,-999,-999,-999,14.35,-999,-999,-999,-999,-999,-999,-999,15.07,14.77,14.77,14.63,14.43,14.73,-999,-999,-999,-999,-999,13.11,13.22,13.05,-999,-999,-999,-999,-999,-999,-999,-999,11.62,11.46,11.28,-999,10.38,10.68,10.74,10.7,10.69,10.66,10.69,10.74,10.84,10.91,10.95,11,11.01,11.1,11.25,11.46,11.57,11.69,11.68,11.53,11.4,11.29,11.17,18.75
16.25,11.25,11.41,11.62,11.89,12.21,12.49,12.77,13.06,13.29,13.56,13.95,14.38,14.6,14.81,15.02,15.14,15.22,15.24,15.11,14.89,14.66,14.44,14.1,13.61,13.08,12.52,12.06,11.81,11.73,11.66,11.59,11.73,-999,-999,-999,-999,-999,13.37,13.4,13.43,13.8,13.73,13.74,13.79,13.56,13.29,13.18,12.98,12.7,12.58,12.44,12.23,11.94,11.79,11.68,11.48,11.13,10.71,10.62,10.89,11.43,12.11,12.83,13.5,14.44,-999,-999,-999,-999,-999,-999,-999,-999,-999,-999,-999,-999,-999,-999,-999,-999,-999,-999,-999,-999,-999,-999,-999,13.8,-999,-999,-999,-999,13.75,14.18,14.48,14.71,14.9,14.72,14.35,14.15,-999,-999,-999,-999,12.28,12.56,12.99,12.95,-999,-999,-999,-999,-999,-999,13.61,11.77,11.33,11.43,11.08,-999,11.01,11.13,11,10.88,10.83,10.71,10.72,10.85,11,11.16,11.31,11.32,11.24,11.23,11.25,11.4,11.48,11.51,11.49,11.42,11.37,11.32,11.21,16.25
13.75,11.66,11.78,11.97,12.17,12.43,12.65,12.88,13.09,13.28,13.48,13.65,13.78,13.87,14.03,14.08,13.99,13.96,13.88,13.64,13.35,13.08,12.86,12.6,12.39,12.29,12.24,12.29,12.37,12.35,12.21,12.3,12.47,12.77,13.16,12.93,-999,-999,-999,-999,13.41,13.35,13.07,12.83,12.68,12.7,12.54,12.35,12.11,11.94,12.04,12.02,12.1,11.92,11.95,12.12,12.25,12.28,12.37,12.59,12.88,13.29,13.73,14.01,14.03,14.58,-999,-999,-999,-999,-999,-999,-999,-999,-999,-999,-999,-999,-999,-999,-999,-999,-999,-999,-999,-999,-999,-999,-999,-999,-999,-999,13.46,12.98,13.64,13.97,14.16,14.36,14.67,14.69,14.37,14.12,14.33,-999,-999,13.21,13.26,13.06,12.82,13.04,13.15,12.99,-999,-999,-999,-999,-999,11.76,11.31,11.23,10.99,-999,11.34,11.67,11.55,11.36,11.26,11.22,11.34,11.5,11.59,11.62,11.64,11.59,11.57,11.56,11.55,11.63,11.66,11.68,11.73,11.74,11.74,11.67,11.62,13.75
11.25,12.16,12.23,12.35,12.49,12.7,12.91,13.02,13.1,13.22,13.28,13.32,13.32,13.29,13.25,13.04,12.78,12.6,12.56,12.41,12.15,11.9,11.72,11.62,11.6,11.69,11.94,12.32,12.68,12.89,13.06,13.32,13.55,13.81,14.2,14.28,14.53,14.6,-999,-999,13.04,12.82,12.74,-999,-999,-999,11.93,12.24,12.42,12.12,12.54,12.34,12.36,12.36,12.28,12.54,12.88,13.04,12.88,12.8,13.17,13.65,13.93,13.9,13.84,14.03,12.78,-999,-999,-999,-999,-999,-999,-999,-999,-999,-999,-999,-999,-999,-999,-999,-999,-999,-999,-999,-999,-999,-999,-999,-999,-999,-999,-999,13.72,13.95,14.02,14.13,14.28,14.24,14,13.88,14.18,-999,-999,12.3,13.23,12.86,12.66,12.68,12.85,12.41,-999,12.95,-999,-999,-999,11.59,11.25,10.94,-999,-999,-999,12.1,11.9,11.73,11.62,11.66,11.75,11.85,11.85,11.75,11.72,11.75,11.82,11.83,11.73,11.78,11.82,11.92,12.02,12.12,12.18,12.1,12.09,11.25
8.75,12.23,12.31,12.37,12.43,12.58,12.7,12.8,12.9,12.92,12.93,12.94,12.94,12.95,12.9,12.83,12.71,12.59,12.49,12.43,12.38,12.27,12.15,12.08,12.11,12.21,12.35,12.5,12.86,13.27,13.5,13.73,13.79,13.86,13.86,14.25,14.63,14.91,14.58,-999,-999,-999,-999,-999,-999,-999,-999,-999,-999,12.47,12.7,12.71,12.65,12.57,12.75,12.94,12.91,12.81,12.62,12.54,12.91,13.38,13.52,12.89,12.91,12.88,12.72,12.69,-999,-999,-999,-999,-999,-999,-999,-999,-999,-999,-999,-999,-999,-999,-999,-999,-999,-999,-999,-999,-999,-999,-999,-999,-999,-999,13.92,13.96,13.9,13.76,13.65,13.51,13.44,13.52,13.5,14.48,14.36,-999,12.95,12.76,12.53,12.46,12.41,11.77,-999,12.67,11.88,-999,11.74,11.62,11.61,11.4,-999,11.86,-999,-999,12.01,11.96,12.01,12.02,12.05,12.05,12.02,11.93,11.9,11.89,11.93,11.94,11.83,11.82,11.83,11.85,11.92,11.98,12.04,12.08,12.14,8.75
6.25,12.04,12.14,12.21,12.32,12.37,12.47,12.62,12.79,12.86,12.94,13.01,13.1,13.21,13.3,13.42,13.49,13.53,13.5,13.58,13.65,13.58,13.58,13.66,13.6,13.76,13.82,13.79,13.78,13.79,13.84,13.86,13.84,13.92,14.22,14.46,14.47,14.14,13.91,14.21,14.85,13.97,-999,-999,-999,-999,-999,-999,-999,-999,12.03,12.17,13.53,13.68,13.33,13.24,13.06,13.01,13.14,13.3,13.31,13.26,13.11,13.04,13.33,13.32,12.88,12.86,-999,-999,-999,-999,-999,-999,-999,-999,-999,-999,-999,-999,-999,-999,-999,-999,-999,-999,-999,-999,-999,-999,-999,-999,-999,13.84,13.63,13.42,13.2,13.1,13,12.94,13.01,13.09,13.16,13.14,13.17,-999,13,12.75,12.45,12.29,12.13,11.93,-999,-999,11.77,11.63,11.86,11.69,11.78,-999,11.72,-999,-999,-999,11.86,11.95,12.08,12.12,12.21,12.16,12.03,11.83,11.74,11.78,11.76,11.82,11.76,11.77,11.73,11.68,11.66,11.63,11.74,11.84,11.94,6.25
3.75,13.64,13.82,14,14.12,14.17,14.48,14.63,14.78,14.89,14.93,15.14,14.97,14.95,15.09,15.25,15.13,15.06,15.02,15.07,15.2,15.37,15.62,15.69,15.78,16.33,16.7,16.59,16.6,16.7,16.18,15.95,15.74,15.39,15.16,14.73,14.44,14.27,14.15,14.2,14.24,14.04,-999,-999,-999,-999,-999,-999,-999,-999,-999,-999,-999,13.94,13.76,13.64,13.59,13.64,13.83,13.88,13.95,13.87,13.85,13.88,13.9,13.94,13.76,13.73,13.84,14.1,14.19,13.93,14.08,14.77,14.24,14.21,-999,-999,-999,-999,-999,-999,-999,-999,-999,-999,-999,-999,-999,-999,-999,-999,13.7,13.73,13.46,13.15,12.96,12.78,12.55,12.42,12.46,12.57,12.76,12.85,12.96,12.92,12.72,12.62,12.49,12.18,12.28,-999,-999,-999,-999,11.68,11.76,11.5,-999,-999,12.12,12.3,11.69,11.56,11.43,11.84,12.15,12.18,12.18,12.17,12.1,12.04,12.02,11.99,11.94,11.9,11.93,11.96,12,12.1,12.29,12.53,12.77,13.01,13.37,3.75
1.25,14.26,14.3,14.45,14.55,14.58,14.73,14.73,14.92,14.84,14.69,14.96,14.91,15.04,15.08,15.33,15.53,15.42,15.77,16.01,16.25,16.39,16.67,17.11,17.32,17.47,18.46,18.62,18.9,18.88,18.69,18.54,17.96,17.19,16.53,16.05,16.22,15.99,15.26,14.96,14.19,-999,-999,-999,-999,-999,-999,-999,-999,-999,-999,-999,-999,13.47,13.96,14.08,14.05,13.98,14.08,14.34,14.39,14.48,14.64,14.73,14.64,14.76,14.62,14.57,14.41,14.25,14.13,14.12,14.06,14.03,13.96,13.84,13.79,-999,-999,-999,-999,-999,-999,-999,-999,-999,-999,-999,-999,-999,-999,13.35,13.56,13.54,12.88,12.69,12.41,12.03,11.8,11.68,11.62,11.73,11.94,12.07,12.18,12.17,12.15,12.15,12.13,12.14,12.13,12.02,-999,-999,11.44,11.35,-999,-999,-999,-999,-999,-999,-999,11.55,11.8,11.99,12.29,12.52,12.62,12.62,12.37,12.35,12.41,12.36,12.21,12.33,12.57,12.76,13.07,13.29,13.48,13.71,13.93,14.2,14.18,1.25
-1.25,14.47,14.47,14.63,14.72,14.92,14.79,14.87,14.82,14.98,14.96,15.05,15.1,15.17,15.13,15.18,15.52,15.78,15.48,15.51,15.83,16.38,16.18,16.21,16.49,16.71,17.04,17.15,17.79,17.82,17.64,17.78,17.82,18.02,18.08,18.53,-999,17.32,16.91,16.09,-999,-999,-999,-999,-999,-999,-999,-999,-999,-999,-999,-999,-999,-999,-999,13.88,14.06,14.11,14.34,14.83,14.98,15,15.03,15.19,15.25,15.37,15.41,15.27,15.29,15.36,15.26,14.96,14.69,14.43,14.26,14.22,-999,-999,-999,-999,-999,-999,-999,-999,-999,-999,-999,-999,-999,-999,13.1,13.11,13.11,12.93,12.75,12.55,12.28,12.03,11.71,11.53,11.39,11.37,11.45,11.59,11.65,11.63,11.54,11.4,11.18,11.07,10.98,11.19,11.14,-999,-999,11.36,11.39,-999,-999,-999,-999,-999,11.62,11.17,11.3,-999,-999,12.46,12.64,12.4,11.62,11.41,11.56,11.91,12,12.11,12.34,12.72,13.14,13.43,13.75,13.9,14.1,14.26,14.4,-1.25
-3.75,14.1,14.37,14.36,14.61,14.74,14.78,14.79,15.01,15.03,15,15.12,15.06,15.11,15.04,15.09,15.09,15.37,14.75,14.99,15.13,15.03,14.88,14.88,15.08,14.66,14.58,14.36,14.79,14.99,15.15,15.31,15.41,15.66,16.25,16.87,17.02,17.13,17.1,16.71,-999,-999,-999,-999,-999,-999,-999,-999,-999,-999,-999,-999,-999,-999,-999,-999,-999,-999,14.07,14.07,14.37,14.33,14.42,14.4,14.46,14.48,14.68,14.83,15,15.09,15.18,15.15,15.13,14.97,14.81,14.48,14.29,-999,-999,-999,-999,-999,-999,-999,-999,-999,-999,-999,-999,13.2,13.41,13.06,12.85,12.74,12.74,12.75,12.67,12.58,12.4,12.27,12.1,11.98,11.97,12.04,11.98,11.86,11.78,11.59,11.43,11.15,10.92,10.59,10.35,10.6,-999,-999,11.65,11.68,11.86,-999,-999,-999,11.55,11.91,11.1,11.32,-999,-999,-999,-999,-999,11.25,10.73,11.48,11.67,11.6,11.65,11.95,12.31,12.53,12.81,13.08,13.37,13.64,13.86,-3.75
-6.25,12.35,12.43,12.62,12.69,12.81,12.86,12.82,12.85,12.92,12.98,13.09,13.08,12.98,12.98,12.99,12.95,13.06,13.1,13.2,13.27,13.27,13.08,13.34,13.57,13.51,13.43,13.49,13.76,14.22,14.31,14.46,14.5,14.79,15.06,15.37,15.8,16.43,16.71,16.95,-999,-999,-999,-999,-999,-999,-999,-999,-999,-999,-999,-999,-999,-999,-999,-999,-999,-999,-999,13.43,13.85,13.85,13.85,13.76,13.66,13.7,13.68,13.69,13.72,13.8,13.94,14.09,14.19,14.23,14.36,14.5,14.31,14.26,-999,-999,-999,-999,-999,-999,-999,-999,-999,-999,-999,12.83,12.91,12.62,12.72,12.63,12.64,12.79,12.84,12.85,12.74,12.64,12.45,12.36,12.19,12.18,12.13,11.99,11.89,11.88,11.85,11.58,11.33,10.97,10.63,10.66,10.49,-999,12.37,12.25,12.18,12.27,12.4,12.17,12.04,11.66,11.65,11.67,11.46,11.47,-999,-999,-999,-999,-999,-999,11.16,-999,11.57,11.69,11.89,12.03,12.06,11.99,11.94,12.07,12.14,-6.25
-8.75,11.73,11.68,11.75,11.82,12.01,12.11,12.11,12.09,12,11.98,11.93,11.96,11.91,11.9,11.86,11.81,11.75,11.74,11.75,11.79,11.93,12.08,12.21,12.21,12.21,12.27,12.4,12.57,12.71,12.91,13.18,13.44,13.81,14.21,14.61,15.02,15.52,16.13,17.18,17.53,-999,-999,-999,-999,-999,-999,-999,-999,-999,-999,-999,-999,-999,-999,-999,-999,-999,-999,13.63,13.27,13.16,13.02,12.94,12.97,12.96,12.96,12.97,13.03,13.1,13.24,13.29,13.45,13.53,13.69,13.94,14.23,14.63,-999,-999,-999,-999,-999,-999,-999,-999,-999,-999,-999,12.37,12.27,12.49,12.68,12.67,12.53,12.45,12.43,12.35,12.19,12,11.87,11.98,11.87,11.91,11.79,11.79,11.88,11.99,11.92,11.63,11.31,10.98,10.76,10.48,10.29,10.41,10.54,10.87,-999,-999,-999,-999,-999,-999,-999,11.76,11.56,11.54,11.17,-999,10.71,-999,-999,11.49,10.72,11.15,11.44,11.58,11.74,11.76,11.68,11.49,11.5,11.57,11.64,-8.75
-11.25,11.48,11.51,11.56,11.63,11.79,12.02,12.05,11.97,11.86,11.78,11.7,11.61,11.58,11.58,11.57,11.49,11.49,11.52,11.51,11.5,11.54,11.57,11.56,11.53,11.49,11.53,11.57,11.62,11.63,11.73,11.89,12.07,12.42,12.83,13.28,13.75,14.32,15.06,15.87,16.88,15.9,-999,-999,-999,-999,-999,-999,-999,-999,-999,-999,-999,-999,-999,-999,-999,-999,13.42,13.39,13.03,12.99,12.93,12.83,12.76,12.74,12.75,12.68,12.64,12.65,12.78,12.91,13.02,13.19,13.22,13.24,13.95,14.31,-999,-999,-999,-999,-999,-999,-999,-999,-999,-999,-999,12.19,12.33,12.17,12.3,12.21,12.16,12.01,12.04,12.01,11.77,11.61,11.58,11.59,11.54,11.43,11.35,11.41,11.51,11.49,11.49,11.4,11.25,11.09,10.87,10.77,10.76,10.92,11.09,11.26,11.47,11.87,11.89,11.75,11.79,12.14,12.05,12.07,12.09,11.7,11.82,11.34,11.07,11.27,11.21,11.52,11.19,11.29,11.42,11.48,11.54,11.39,11.25,11.31,11.36,11.36,11.42,-11.25
-13.75,11.16,11.19,11.21,11.24,11.37,11.56,11.66,11.69,11.63,11.48,11.43,11.21,11.1,11.1,11.1,11.11,11.09,11.07,11.12,11.13,11.14,11.15,11.13,11.1,11.11,11.14,11.2,11.28,11.36,11.43,11.55,11.66,11.86,12.11,12.41,12.77,13.2,13.82,14.73,16.04,16.78,-999,-999,-999,-999,-999,-999,-999,-999,-999,-999,-999,-999,-999,-999,-999,-999,12.4,12.92,12.93,13.04,13.06,13.05,13.01,12.96,12.92,12.86,12.72,12.59,12.63,12.71,12.86,13.02,13.11,13.28,14.07,14.98,-999,-999,-999,-999,-999,-999,-999,-999,-999,-999,-999,-999,12.98,12.93,-999,12.16,12.07,11.94,11.89,11.74,11.49,11.23,11.06,11.07,11.14,11.18,11.16,11.23,11.29,11.36,11.33,11.22,11.13,11.08,11.05,10.93,10.79,10.79,11.02,11.2,11.38,11.65,12.05,12.37,12.31,12.47,12.7,-999,-999,-999,12.19,12.38,-999,11.28,11.29,11.37,11.19,11.44,11.37,11.34,11.33,11.27,11.2,11.14,11.12,11.07,11.13,-13.75
-16.25,10.86,10.78,10.82,10.93,11.02,11.16,11.14,11.14,11.1,11.01,10.89,10.77,10.7,10.6,10.48,10.35,10.27,10.16,10.07,10,9.98,10.02,10.06,10.08,10.12,10.16,10.2,10.25,10.34,10.49,10.69,10.92,11.2,11.54,11.87,12.19,12.57,13.04,13.66,14.52,15.47,16.59,-999,-999,-999,-999,-999,-999,-999,-999,-999,-999,-999,-999,-999,-999,-999,12.09,12.23,12.23,12.23,12.15,12.15,12.35,12.59,12.78,12.79,12.68,12.59,12.58,12.56,12.55,12.63,12.89,13.4,13.9,15.22,-999,-999,-999,-999,-999,-999,-999,-999,-999,-999,-999,12.39,-999,-999,-999,11.99,12.05,11.9,11.77,11.67,11.4,11.14,11,10.97,11,11,11.02,11.1,11.12,11.05,11.07,11.09,11.17,11.24,11.28,11.2,11.15,10.97,10.75,10.78,10.68,11,11.14,11.72,-999,-999,-999,-999,-999,-999,12.79,-999,-999,-999,11.53,11.53,11.43,11.27,11.19,11.13,11.14,11.12,11.13,11.05,10.98,10.97,10.94,-16.25
-18.75,11.1,10.91,10.84,10.79,10.77,10.82,10.78,10.63,10.5,10.32,10.06,10,9.97,9.93,9.86,9.74,9.59,9.36,9.24,9.13,8.98,8.87,8.82,8.72,8.64,8.62,8.62,8.64,8.65,8.7,8.78,8.94,9.19,9.6,10.13,10.81,11.48,12.1,12.72,13.29,13.99,14.77,14.47,16.97,-999,-999,-999,-999,-999,-999,-999,-999,-999,-999,-999,-999,12.16,12.44,11.71,11.56,11.31,11.21,11.27,11.26,11.21,11.15,11.19,11.28,11.42,11.48,11.52,11.69,11.93,12.53,13.42,13.86,15.84,-999,-999,-999,-999,-999,-999,-999,-999,-999,-999,12.12,12.09,-999,-999,-999,12.21,11.81,11.76,11.74,11.77,11.74,11.67,11.6,11.45,11.36,11.3,11.31,11.3,11.24,11.06,10.74,10.52,10.56,10.86,11.26,11.39,11.24,11.14,10.55,10.51,10.44,10.93,11.27,-999,-999,-999,-999,-999,-999,-999,-999,-999,-999,-999,11.65,11.54,11.41,11.33,11.4,11.24,11.22,11.11,11.1,11.11,11.13,11.17,11.28,-18.75
-21.25,11.75,11.58,11.47,11.35,11.21,11.09,10.94,10.73,10.33,10,9.74,9.45,9.25,9.18,9.12,9.07,9.06,8.8,8.5,8.4,8.4,8.43,8.39,8.27,8.17,7.96,7.77,7.63,7.53,7.47,7.39,7.3,7.24,7.26,7.43,8.03,9.05,10.43,11.79,12.71,13.02,13.52,14.07,16.81,-999,-999,-999,-999,-999,-999,-999,-999,-999,-999,-999,-999,12.8,11.95,12.09,11.99,11.87,11.82,11.69,11.48,11.23,10.89,10.6,10.43,10.33,10.27,10.27,10.42,10.78,11.46,12.46,13.42,14.83,-999,-999,-999,-999,-999,-999,-999,-999,-999,12,12.48,12.49,-999,-999,-999,12.31,11.88,11.86,11.75,11.72,11.69,11.69,11.69,11.58,11.47,11.4,11.42,11.49,11.53,11.51,11.43,11.18,10.84,10.62,10.8,11.24,11.28,10.96,10.56,10.33,10.72,-999,-999,-999,-999,-999,-999,-999,-999,-999,-999,-999,-999,-999,-999,12.2,11.55,11.97,11.94,11.79,11.82,11.68,11.59,11.68,11.72,11.78,11.91,-21.25
-23.75,12.38,12.3,12.27,12.24,12.19,11.97,11.53,11.17,10.73,10.21,9.92,9.62,9.28,9.23,9.2,8.9,8.6,8.37,8.04,7.71,7.52,7.55,7.65,7.74,7.7,7.53,7.33,7.34,7.31,7.2,7.04,6.91,6.86,6.8,6.51,6.14,5.85,6.09,7.41,10.15,12.84,13.85,14.89,17.08,-999,-999,-999,-999,-999,-999,-999,-999,-999,-999,12.36,12.64,13.14,11.38,11.82,11.81,11.98,12.11,12.14,12.18,12.12,11.8,11.43,11.16,10.93,10.74,10.6,10.45,10.31,10.34,10.96,12.32,13.7,14.63,-999,-999,-999,-999,-999,-999,-999,-999,11.66,11.53,12.35,-999,-999,12.01,12.38,12.22,12.11,12.02,11.98,11.94,11.83,11.67,11.46,11.33,11.22,11.17,11.14,11.19,11.15,11.17,11.29,11.19,10.9,10.69,10.89,11.22,10.65,10.97,10.61,-999,-999,-999,-999,-999,-999,-999,-999,-999,-999,-999,-999,-999,-999,-999,-999,11.98,12.94,12.7,12.46,12.32,12.27,12.12,12.12,12.19,12.29,12.39,-23.75
-26.25,13.03,13.05,12.87,12.78,12.89,12.9,12.78,12.48,12.03,11.45,10.9,10.41,10.06,9.75,9.73,9.58,9.27,8.96,8.65,8.21,7.8,7.51,7.32,7.31,7.24,7.2,7,6.81,6.93,6.96,6.91,6.83,6.72,6.72,6.76,6.57,6.11,5.58,5.66,7.42,10.66,13.75,16.58,-999,-999,-999,-999,-999,-999,-999,-999,-999,-999,11.52,11.93,12.33,11.98,11.18,11.2,11.26,11.62,11.97,12.1,12.23,12.36,12.24,11.88,11.62,11.38,11.28,11.19,10.99,10.54,10.03,9.77,10.39,12.6,14.76,-999,-999,-999,-999,-999,-999,-999,11.91,11.88,12.04,12.21,12.47,12.66,12.1,12.54,12.3,12.24,11.98,12.03,12.11,12.05,11.97,11.82,11.68,11.57,11.5,11.36,11.2,10.93,10.73,10.93,11.2,11.16,10.91,10.98,11.35,10.58,11.29,10.87,-999,-999,-999,-999,-999,-999,-999,-999,-999,-999,-999,-999,-999,-999,-999,-999,12.75,13.17,13.84,13.49,13.41,13.29,13.23,13.09,12.96,12.91,12.97,-26.25
-28.75,13.81,13.68,13.32,13.06,13.06,13.12,13.15,13.25,13.13,12.81,12.3,11.81,11.32,10.78,10.51,10.35,10.26,10.07,9.77,9.5,9.14,8.76,8.39,8.09,7.84,7.77,7.67,7.48,7.37,7.33,7.29,7.19,7.09,6.99,6.93,6.85,6.53,5.96,5.36,6.04,9.83,14.38,16.74,-999,-999,-999,-999,-999,-999,-999,-999,-999,-999,10.95,9.57,10.2,10.2,10.29,10.5,10.53,10.82,11.25,11.66,12.02,12.28,12.39,12.25,11.97,11.74,11.63,11.39,11.1,10.8,10.51,10.18,9.7,9.79,12.9,14.2,-999,-999,-999,-999,-999,-999,12.14,11.34,12.11,12.24,12.33,12.49,13.45,13.28,12.9,12.71,12.34,12.18,12.19,12.29,12.43,12.43,12.21,12.09,12.15,12.14,12.1,12,11.74,11.57,11.62,11.74,11.81,11.81,11.89,10.86,11.25,11.22,11.61,-999,-999,-999,-999,-999,-999,-999,-999,-999,-999,-999,-999,-999,-999,-999,13.4,13.2,13.54,13.72,13.63,13.65,13.58,13.6,13.91,14.19,14,-28.75
-31.25,14.41,14.27,13.93,13.48,13.35,13.39,13.18,13.25,13.27,13.13,12.89,12.57,12.27,11.94,11.6,11.32,11.21,11.07,10.76,10.42,10.16,9.87,9.6,9.49,9.35,9.21,9.11,9,8.79,8.52,8.17,7.97,7.93,7.89,7.66,7.35,7.12,6.87,6.27,5.81,7.66,13.52,17.81,-999,-999,-999,-999,-999,-999,-999,-999,-999,10.03,8.88,8.49,8.78,8.87,9.05,9.31,9.52,9.87,10.35,10.99,11.55,11.9,12.13,12.33,12.51,12.42,12.17,11.66,11.1,10.79,10.62,10.28,9.7,9.22,9.26,12.39,-999,-999,-999,-999,-999,-999,14.48,13.59,12.21,12.42,12.69,13.16,13.27,12.88,12.65,12.51,12.44,12.27,12.19,12.34,12.56,12.6,12.57,12.48,12.47,12.48,12.5,12.44,12.3,12.22,12.21,12.42,12.45,12.38,12.32,11.75,11.74,11.54,11.28,-999,-999,-999,-999,-999,-999,-999,-999,-999,-999,-999,-999,-999,-999,-999,13.65,12.84,13.12,13.43,13.37,13.47,13.57,13.23,13.46,13.75,14.35,-31.25
-33.75,13.93,14.09,14.01,13.8,13.65,13.66,13.63,13.56,13.3,12.95,12.77,12.64,12.47,12.25,12.1,11.88,11.79,11.8,11.59,11.29,11.07,10.82,10.66,10.45,10.27,10.34,10.27,10.17,9.95,9.66,9.3,8.99,8.91,9,8.93,8.68,8.3,7.96,7.59,7,7.24,12.47,16.68,-999,-999,-999,-999,-999,-999,-999,-999,9.83,8.93,8.59,8.41,8.28,8.32,8.32,8.5,8.73,8.91,9.12,9.61,10.26,11.01,11.73,12.15,12.62,12.92,12.74,12.33,12.07,11.63,11.07,10.43,9.78,9.05,8.1,7.42,-999,-999,-999,-999,10.29,6.38,4.93,7.82,9.4,10.09,10.75,11.01,11.11,11.06,10.85,10.69,10.74,10.93,11.11,11.22,11.1,11.06,11.16,11.39,11.66,11.87,12.08,12.22,12.24,12.24,12.26,12.45,12.65,12.74,12.8,12.7,12.59,11.99,11.52,-999,-999,-999,-999,12.11,12.21,12.37,11.97,-999,-999,-999,-999,-999,-999,-999,13.72,12.96,13.1,13.76,13.73,13.7,14.1,13.57,14.36,13.65,13.76,-33.75
-36.25,13.53,13.53,13.68,13.69,13.41,13.35,13.51,13.68,13.37,12.9,12.66,12.59,12.42,12.38,12.29,12.23,12.13,12.2,12.1,11.75,11.47,11.37,11.31,11.01,10.68,10.5,10.44,10.3,10.34,10.25,9.93,9.82,9.95,10.03,9.96,9.87,9.65,9.34,8.95,8.49,7.77,11.61,18.16,-999,-999,-999,-999,-999,-999,14.45,14.54,9.29,8.74,9.44,9.29,8.42,8.22,8.33,8.46,8.81,9.14,9.33,9.4,9.32,9.27,9.79,11.04,12.12,12.68,13.03,13.6,14.02,13.36,12.32,11.64,11.1,10.45,9.89,9.42,8.99,8.87,8.78,6.91,3.2,2.19,3.4,3.26,3.57,4.26,4.87,5.49,6.04,6.57,7.02,7.26,7.17,7.03,7.29,7.85,8.09,8,8.1,8.42,8.78,9.21,9.74,10.22,10.56,10.94,11.35,11.62,11.77,11.88,12.12,12.34,12.41,12.28,12.01,12.11,12.59,12.59,12.51,12.34,12.05,11.75,12.26,12.64,-999,-999,-999,-999,-999,15.41,14.01,14.27,15.02,15.59,15.78,15.36,15.04,15.45,15.83,14.31,13.7,-36.25
-38.75,13.14,12.91,12.87,12.81,12.81,12.81,12.89,13.02,13.02,12.81,12.55,12.44,12.4,12.22,12.14,12.25,12.24,12.37,12.37,12.08,11.71,11.46,11.32,11.1,10.72,10.23,9.99,9.86,9.89,10.01,10.17,10.33,10.56,10.71,10.72,10.66,10.6,10.55,10.34,10,9.12,11.23,16.22,-999,-999,-999,-999,-999,-999,15.56,15.06,9,9.13,10.42,10.92,10.61,10.26,9.91,9.58,9.53,9.83,10.23,10.71,11.3,11.67,10.59,9.11,9.78,11.17,11.86,12.04,12.77,14.51,15.22,14.72,13.92,12.94,11.45,10.2,9.32,8.4,6.68,5.98,5.86,6.96,7.77,7.87,7.78,6.75,5.03,4.49,4.44,4.41,4.68,5.1,5.51,5.84,5.81,5.55,5.35,5.38,5.77,6.32,6.52,6.4,6.49,6.99,7.54,7.95,8.41,9.09,9.63,9.89,10.2,10.53,10.62,10.63,10.87,11.35,11.71,11.97,12.1,11.95,11.42,11.08,11.21,11.71,13,13.48,14.28,15.88,20.95,17.62,16.44,16.54,16.67,16.66,16.34,15.61,15.04,15.67,16.02,-999,13.92,-38.75
-41.25,13.34,13.32,12.54,11.6,11.49,11.59,11.66,11.76,11.84,11.88,11.87,11.99,12.11,11.97,11.84,11.71,11.64,11.65,11.68,11.44,11,10.61,10.42,10.21,9.98,9.74,9.5,9.39,9.58,9.86,10.22,10.57,10.73,10.79,10.88,10.9,10.95,11.14,11.24,11.05,10.52,11.75,-999,-999,-999,-999,-999,9.98,11.04,15.23,21.82,11.74,11.87,12.68,13.1,13.27,13.35,13.14,12.3,11.29,10.99,11.13,11.52,12.75,15.08,16.18,12.25,9.89,10.52,11.69,12.34,12.23,11.86,12.19,12.93,13.18,14.06,15.49,14.79,11.18,8.87,9.46,11.94,12.98,13.33,14.05,15.05,16.01,14.48,11.12,9.99,9.81,9.02,8.42,7.42,6.12,6.01,6.96,8.31,8.89,8.34,7.55,7.57,8.01,8.07,7.52,7.03,7.2,7.43,7.38,7.43,7.83,8.13,8.12,8.21,8.47,8.59,8.6,8.7,9.04,9.46,9.81,10.13,10.25,10.18,10.39,11.34,13.06,14.4,16.65,-999,19.33,21.18,19.38,17.05,16.65,16.09,15.6,15.45,15.55,16.31,-999,14.3,13.7,-41.25
-43.75,16.45,16.29,15.39,12.41,11.84,11.76,11.37,10.94,10.84,10.91,10.9,10.91,10.97,10.97,10.97,10.93,10.81,10.67,10.58,10.44,10.18,9.86,9.59,9.33,9.04,8.74,8.6,8.74,9.09,9.5,9.88,10.18,10.33,10.54,10.68,10.74,10.82,11,11.33,11.53,11.45,12.31,-999,-999,-999,-999,10.52,10.19,10.92,12.05,19.41,14.65,13.1,12.75,12.59,12.45,12.34,12.3,12.21,11.6,10.96,10.68,10.44,11,13.24,15.37,14.46,10.7,9.91,11.35,12.8,13.26,13.05,13.34,13.5,12.9,12.71,12.88,12.82,12,10.59,10.33,10.78,10.95,12.18,13.92,15.21,15.58,14.47,13.89,14.91,14.98,13.88,13.56,11.81,8.56,6.83,7.45,9.94,11.46,12.46,11.85,11.31,11.57,11.51,10.49,9.35,9.34,9.84,9.88,9.34,9.25,9.63,9.52,9.19,9.12,9.19,9.08,8.71,8.52,8.59,8.6,8.56,8.71,8.99,9.37,10.49,13.67,16.89,20.08,24.4,23.71,20.1,16.58,16.28,16.09,15.61,15.4,15.43,-999,-999,13.81,13.48,14.86,-43.75
-46.25,13.42,14.35,16.5,14.38,13.41,13.29,12.82,11.78,10.93,10.64,10.44,10.26,10.2,10.18,10.11,10.02,9.92,9.79,9.63,9.45,9.33,9.27,9.19,9.07,8.87,8.56,8.17,7.91,8.04,8.46,8.96,9.38,9.64,9.85,10.04,10.18,10.24,10.32,10.62,11.24,11.55,11.73,-999,-999,-999,11.39,10.69,9.8,10.23,11.28,10.86,10.67,10.55,10.71,10.85,10.93,10.95,10.77,10.61,10.33,9.91,9.64,9.07,8.34,8.57,9.62,10.16,9.68,9.51,10.16,11,11.39,11.31,11.62,12.76,13.61,13.16,12.41,11.88,11.58,11.19,10.61,9.34,8.14,9.65,11.94,13.36,13.85,13.33,13.24,14.17,13.43,12.25,13.19,12.32,9.49,8.01,9.08,11.84,12.18,12.73,12.56,13.24,14.25,14.16,12.48,11.01,10.84,11.58,12.71,13.32,13.4,13.33,12.93,12.41,11.72,11.41,11.57,11.12,10.52,10.39,10.31,10.1,9.85,9.53,9.21,9.15,11.03,15.86,18.41,20.53,20.25,15.72,13.44,13.7,13.89,14.1,14.2,15.19,-999,13.74,12.59,12.66,12.88,-46.25
-48.75,10.01,11.26,11.51,10.94,10.48,10.55,10.64,10.18,9.77,9.81,9.78,9.51,9.37,9.34,9.22,9.06,8.99,8.94,8.79,8.59,8.56,8.7,8.85,8.98,9.02,8.81,8.35,7.88,7.63,7.67,7.94,8.31,8.69,9.02,9.27,9.42,9.48,9.49,9.59,10.12,10.85,11.1,-999,-999,-999,-999,10.05,9.45,9.43,9.35,10.13,10.56,10.09,10.03,10.46,11.6,11.96,11.61,11.45,10.9,10.11,9.82,9.35,8.33,7.6,7.2,6.89,6.35,6.32,7.62,8.38,8.82,8.42,8.3,9.33,11.29,10.73,9.58,9.13,9.38,9.82,9.58,7.67,5.52,6.05,7.92,9.19,9.78,9.91,9.65,9.72,9.99,9.78,10.23,10.47,9.59,9.82,11.36,11.82,11.7,11.06,11.52,13.19,14.01,13.92,13.11,12.22,11.69,11.62,12.48,13.61,14.48,14.95,15.21,15.25,14.74,14.08,13.94,13.34,12.56,12.33,12.45,12.98,13.53,13.58,13.07,12.03,10.63,10.72,12.85,11.28,10.12,10.4,10.29,9.96,10.37,11,10.52,13.46,11.15,10.82,10.39,10.15,10.11,-48.75
-51.25,8.41,8.28,8.23,8.38,8.5,8.58,8.63,8.4,8.15,8.15,8.08,7.76,7.62,7.83,7.98,7.86,7.73,7.73,7.7,7.52,7.48,7.74,8.04,8.35,8.55,8.36,8.01,7.77,7.69,7.68,7.7,7.79,7.94,8.17,8.42,8.65,8.8,8.9,8.85,8.81,9.23,10.48,-999,-999,-999,9.5,9.38,9.84,10.1,9.03,8.72,9.12,9.75,10.04,10.49,11.77,12.81,13.03,13.77,13.23,11.54,10.49,10.09,9.16,8.39,7.7,6.31,4.2,3.39,6.4,7.7,7.44,7.01,7.42,7.75,8.15,6.52,5.97,6.28,6.79,7.44,7.92,6.94,5.41,5.23,5.88,6.5,6.86,7.09,7.15,7.48,7.91,8.17,8.63,8.95,8.93,9.48,10.52,11.28,11.52,11.36,10.94,11.23,10.29,10.83,11.72,11.61,11.18,11.07,11.62,12.41,13.16,13.74,14.48,15.08,15.25,15.11,14.84,14.18,13.44,12.88,12.83,13.77,15.15,16.09,16.53,16.83,16.79,16.29,14.75,11.8,10.12,10.33,10.54,9.99,9.87,10.02,8.62,9.06,9.26,8.85,8.43,8.28,8.4,-51.25
-53.75,6.5,6.13,6.43,6.88,7.09,7.19,7.38,7.42,7.29,7.14,6.94,6.59,6.26,6.34,6.62,6.74,6.77,6.81,6.88,6.66,6.37,6.41,6.6,6.83,7.03,6.92,6.87,7.02,7.26,7.46,7.57,7.57,7.56,7.56,7.64,7.8,8,8.2,8.34,8.34,8.27,9.11,10.23,-999,-999,9.14,8.64,8.59,8.95,8.47,9,9.45,9.46,9.58,10.17,10.86,11.08,10.75,10.15,8.85,6.03,4.62,6.4,7.25,6.84,6.97,6.62,4.72,3.03,3.18,3.89,4.26,4.76,4.46,3.04,2.95,3.11,3.35,3.71,4.14,4.66,5.37,5.34,4.58,4.3,4.61,4.97,4.95,4.9,5.05,5.57,6.2,6.65,7.29,7.8,8,8.23,8.78,9.53,10.2,10.97,11.15,10.99,8.99,9.03,10.31,11.03,11.09,11.03,11.44,12.28,13.04,13.44,13.66,13.86,14.07,14.29,14.04,13.32,12.65,12.31,12.4,13.05,14,14.9,15.73,16.67,18.19,19.92,20.64,18.75,14.9,13.68,13.55,13.69,14.09,12.05,9.09,7.95,7.95,8.02,7.84,7.73,7.35,-53.75
-56.25,4.73,4.31,4.56,4.73,4.56,4.52,4.69,4.67,4.12,3,1.66,1.11,0.81,1.05,2.38,4.24,4.43,4.41,5.2,5.67,5.62,5.49,5.4,5.42,5.63,5.87,6.03,6.3,6.69,7.02,7.22,7.26,7.2,7.11,7.07,7.11,7.21,7.34,7.49,7.63,7.75,7.82,7.89,8.64,9.36,8.13,7.66,7.75,7.93,8.56,10.7,12.23,11.9,11.24,11.63,11.24,10.33,9.47,9.48,7.1,1.1,-2.79,-1.2,0.13,0.47,1.44,3.23,4.75,4.81,4.02,3.64,3.64,3.69,3.76,3.7,3.7,3.6,3.84,3.7,4.03,5,5.04,3.86,3.35,3.41,3.74,4.07,4.11,3.99,4.15,4.6,5.09,5.61,6.3,6.9,7.23,7.33,7.47,7.78,8.15,8.37,8.69,8.1,8.08,10.42,11.59,11.26,10.72,10.84,11.02,11.29,11.84,12.11,11.73,11.5,11.59,11.83,12.07,12.15,12.17,12.42,12.8,13.09,13.2,13.24,13.43,13.73,14.44,15.65,16.89,17.68,16.6,16.11,15.95,15.98,17.85,16.29,11.95,9.45,8.69,8.16,7.67,7.22,6.06,-56.25
-58.75,2.59,1.79,1.52,1.34,0.99,0.54,0.01,-0.62,-1.36,-2.35,-1.95,-0.43,1.62,2.9,2.03,2.6,3.09,3.33,3.63,3.98,4.11,4.14,4.18,4.31,4.49,4.67,4.82,5.1,5.6,6.09,6.45,6.66,6.75,6.77,6.77,6.74,6.7,6.69,6.8,6.97,7.09,7.16,7.17,7.1,6.95,7.34,10.9,12.46,12.87,15.61,19.53,21.85,19.35,10.79,7.83,9.17,5.19,2.9,4.89,6.03,3.7,-0.53,-2.15,-1.4,0.26,1.42,2.07,3.05,4.06,4.26,4.39,4.86,5.5,5.97,6.36,6.36,6.09,6.23,6.5,6.68,6.44,5.36,3.77,3.25,3.35,3.44,3.41,3.46,3.68,3.95,4.1,4.29,4.68,5.33,6.13,6.84,7.12,7.03,6.96,6.9,7.92,8.49,11.17,13.94,14.71,14.26,13.9,13.73,13.6,13.58,13.53,13.21,12.4,11.28,10.65,10.86,12.18,13.33,13.45,12.95,12.84,13.24,13.44,13.17,12.54,11.96,11.58,11.47,11.53,11.67,11.73,12.67,15.15,15.55,15.33,18.13,19,15.18,11.64,9.44,8.03,7.2,6.03,4.16,-58.75
-61.25,0.89,-1.03,-2.64,-3.94,-4.36,-4.29,-4.36,-4.28,-3.56,-2.48,-0.91,0.17,1.29,2.88,2.6,3.02,3.3,3,2.06,1.46,1.32,1.41,1.76,2.28,2.7,2.92,3.05,3.33,3.83,4.4,4.9,5.3,5.65,6,6.29,6.43,6.44,6.49,6.7,7.01,7.3,7.51,7.7,7.81,8.41,11.22,13.24,14.52,14.96,9.79,8.07,6.08,1.74,-0.18,-0.33,-0.04,0.92,1.72,2.52,2.94,2.68,2.08,1.75,1.94,2.52,3.18,4.19,5.31,6.64,7.46,7.49,7.67,8.19,8.33,8.77,9.19,8.84,7.9,7.22,6.87,6.35,5.56,4.58,3.89,3.43,3.1,3.05,3.39,3.88,4.26,4.48,4.64,4.88,5.46,6.32,7.18,7.51,7.15,6.94,7.9,9.51,8.67,7.7,10.28,12.71,12.75,12.92,14.4,15.04,14.79,14.02,13.51,13.38,13.36,13.85,15.48,16.69,16.2,14.91,14.01,13.93,14.17,14.01,13.5,12.75,11.75,10.91,10.9,10.99,10.43,9.67,8.54,5.22,5.38,9.76,13.17,13.5,11.41,10.4,9.61,8.9,8.44,6.61,3.48,-61.25
-63.75,0.75,-1.03,-2.06,-2.52,-1.17,0.31,0.8,0.54,0.01,-0.28,-0.45,-2.13,-2.32,0.4,1.67,2.06,2.1,1.48,0.27,-1.09,-2.04,-2.26,-1.88,-1.21,-0.56,-0.04,0.44,0.96,1.6,2.31,3.04,3.74,4.42,5.08,5.64,6.03,6.19,6.35,6.75,7.53,8.73,10.16,12.23,14.72,16.3,18.93,12.82,-999,-999,3.21,1.25,0.3,0.39,0.52,1.02,1.79,2.38,2.72,2.87,2.85,2.78,2.69,2.61,2.63,2.73,2.88,3.09,3.3,3.85,4.54,5.2,5.87,6.2,6.22,6.06,5.88,5.68,5.46,5.44,5.87,6.45,6.64,6.24,5.51,4.45,3.2,2.97,4.32,6.33,7.26,5.69,2.88,1.6,1.24,1.38,2.12,3.17,3.76,3.94,4.24,4.82,5.59,6.66,8.29,9,8.51,9.82,11.98,11.64,9.79,7.76,7.04,6.76,8.09,11.39,12.56,12.1,12.23,12.82,12.41,12.12,12.33,12.48,12.24,11.09,8.09,5.34,5.98,6.4,5.34,3.94,1.19,-0.14,0.7,-0.21,-1.17,-1.56,0.44,3.68,5.87,6.74,6.92,5.19,2.88,-63.75
-66.25,2.59,1.78,1.11,0.92,0.96,0.68,-0.03,-0.65,-0.79,-1.07,-2.42,-4.62,-6.22,-5.64,-2.72,-0.34,0.7,0.57,-0.36,-1.42,-2.06,-2.13,-1.81,-1.32,-0.78,-0.2,0.41,0.93,1.38,1.97,2.81,3.81,4.94,6.08,7.2,8.06,8.31,8.26,8.8,10.72,13.36,15.4,17.72,19.79,16.64,-999,-999,-999,1.39,1.15,1.06,1.1,1.52,2.34,2.73,2.77,2.69,2.59,2.44,2.32,2.29,2.22,2.15,2.11,2.09,2.07,2.07,2.01,1.72,1.19,0.81,0.68,0.88,1.46,2.27,2.44,1.95,1.69,1.95,2.6,3.63,4.32,4.39,3.89,3.12,2.88,3.33,3.35,3.08,2.23,1.68,1.7,-999,-999,-999,2.26,2.15,2.6,3.19,3.87,4.52,5.08,5.43,5.52,5.33,5.51,-999,5.44,4.75,4.7,-999,-999,-999,-999,-999,4.07,-999,-999,4.93,3.93,3.42,2.77,-999,1.67,-999,-999,-999,0.57,0.85,0.94,0.7,0.74,0.85,0.83,0.44,-0.3,-1.27,-0.4,1.16,2.01,2.02,2.06,2.73,2.98,-66.25
-68.75,1.27,1.16,1.1,0.99,0.9,0.76,0.58,0.41,0.26,-0.1,-1,-2.17,-2.87,-2.58,-1.45,-0.28,0.28,0.11,-0.61,-1.37,-1.51,-0.57,1.1,2.75,3.93,4.85,5.72,6.39,7.05,7.98,9.01,10.13,11.58,12.89,13.63,14.13,14.15,13.82,14.33,15.94,18.52,17.35,14.2,12.18,6.71,-999,-999,-999,0.5,0.89,1.2,1.45,1.69,1.8,1.76,1.65,1.58,1.51,1.41,1.35,1.34,1.32,1.27,1.17,1.04,0.78,0.39,0.13,0.23,0.61,0.82,0.75,0.91,1.19,1.69,1.88,1.89,2.04,2.2,2.38,2.64,2.85,2.95,2.92,2.92,-999,3.71,4.81,-999,-999,-999,-999,-999,-999,-999,-999,-999,-999,-999,-999,-999,5.87,5.6,-999,-999,-999,-999,-999,-999,-999,-999,-999,-999,-999,-999,-999,-999,-999,-999,-999,-999,-999,-999,-999,-999,-999,-999,-999,-999,-999,-999,-999,-999,-999,1.22,0.83,0.61,0.59,0.71,0.82,0.76,0.78,1.29,1.43,-68.75
-71.25,1.07,1.16,1.36,1.37,1.25,1.14,1.02,0.9,0.84,0.9,1,0.95,0.68,0.2,-0.44,-1.13,-1.63,-1.57,-0.65,1.15,3.73,6.31,8.07,9.08,9.54,9.77,10.16,10.73,11.55,12.57,12.02,10.9,11.5,12.54,14.06,16.41,18.42,19.29,19.23,19.79,20.54,19.07,-999,-999,-999,-999,-999,-999,0.74,0.75,0.96,1.14,1.26,1.29,1.27,1.19,1.04,0.96,1.06,1.31,1.52,1.65,1.67,1.56,1.6,1.69,1.81,-999,-999,-999,-999,-999,-999,-999,-999,-999,-999,-999,-999,-999,-999,-999,-999,-999,-999,-999,-999,-999,-999,-999,-999,-999,-999,-999,-999,-999,-999,-999,-999,-999,-999,-999,-999,-999,-999,-999,-999,-999,-999,-999,-999,-999,-999,-999,-999,-999,-999,-999,-999,-999,-999,-999,-999,-999,-999,-999,-999,-999,-999,-999,-999,-999,-999,-999,-999,-999,-999,-999,-999,-999,0.73,0.8,0.86,1.05,-71.25
-73.75,1.26,1.41,1.63,1.77,1.85,1.92,1.99,2.04,2.1,2.2,2.38,2.74,3.11,3.44,3.81,4.28,4.73,5.02,5.11,5.05,5.61,-999,-999,-999,-999,5.26,-999,6.37,6.09,6.41,6.27,-999,-999,-999,-999,-999,-999,-999,-999,-999,-999,-999,-999,-999,-999,-999,-999,-999,1.43,1.1,0.82,0.64,0.65,0.77,0.84,0.87,0.95,1.14,1.56,1.83,1.61,1.51,1.7,-999,-999,-999,-999,-999,-999,-999,-999,-999,-999,-999,-999,-999,-999,-999,-999,-999,-999,-999,-999,-999,-999,-999,-999,-999,-999,-999,-999,-999,-999,-999,-999,-999,-999,-999,-999,-999,-999,-999,-999,-999,-999,-999,-999,-999,-999,-999,-999,-999,-999,-999,-999,-999,-999,-999,-999,-999,-999,-999,-999,-999,-999,-999,-999,-999,-999,-999,-999,-999,-999,-999,-999,-999,-999,-999,-999,0.73,0.71,0.4,0.74,1.04,-73.75
-76.25,0.74,0.86,1.25,1.59,1.77,2.06,2.52,3.02,3.36,3.99,4.42,4.54,-999,-999,-999,-999,-999,-999,-999,-999,-999,-999,-999,-999,-999,-999,-999,-999,-999,-999,-999,-999,-999,-999,-999,-999,-999,-999,-999,-999,-999,-999,-999,-999,-999,-999,-999,-999,-999,-999,-999,0.88,0.92,0.99,0.98,0.98,1.16,1.35,1.34,1.13,-999,-999,-999,-999,-999,-999,-999,-999,-999,-999,-999,-999,-999,-999,-999,-999,-999,-999,-999,-999,-999,-999,-999,-999,-999,-999,-999,-999,-999,-999,-999,-999,-999,-999,-999,-999,-999,-999,-999,-999,-999,-999,-999,-999,-999,-999,-999,-999,-999,-999,-999,-999,-999,-999,-999,-999,-999,-999,-999,-999,-999,-999,-999,-999,-999,-999,-999,-999,-999,-999,-999,-999,-999,-999,-999,-999,-999,1.29,2.63,2.49,1.93,1.2,0.75,0.64,-76.25
-78.75,-999,-999,-999,-999,-999,-999,-999,-999,-999,-999,-999,-999,-999,-999,-999,-999,-999,-999,-999,-999,-999,-999,-999,-999,-999,-999,-999,-999,-999,-999,-999,-999,-999,-999,-999,-999,-999,-999,-999,-999,-999,-999,-999,-999,-999,-999,-999,-999,-999,-999,-999,-999,-999,-999,-999,-999,-999,-999,-999,-999,-999,-999,-999,-999,-999,-999,-999,-999,-999,-999,-999,-999,-999,-999,-999,-999,-999,-999,-999,-999,-999,-999,-999,-999,-999,-999,-999,-999,-999,-999,-999,-999,-999,-999,-999,-999,-999,-999,-999,-999,-999,-999,-999,-999,-999,-999,-999,-999,-999,-999,-999,-999,-999,-999,-999,-999,-999,-999,-999,-999,-999,-999,-999,-999,-999,-999,-999,-999,-999,-999,-999,-999,-999,-999,-999,-999,-999,-999,-999,-999,-999,-999,-999,-999,-78.75
-81.25,-999,-999,-999,-999,-999,-999,-999,-999,-999,-999,-999,-999,-999,-999,-999,-999,-999,-999,-999,-999,-999,-999,-999,-999,-999,-999,-999,-999,-999,-999,-999,-999,-999,-999,-999,-999,-999,-999,-999,-999,-999,-999,-999,-999,-999,-999,-999,-999,-999,-999,-999,-999,-999,-999,-999,-999,-999,-999,-999,-999,-999,-999,-999,-999,-999,-999,-999,-999,-999,-999,-999,-999,-999,-999,-999,-999,-999,-999,-999,-999,-999,-999,-999,-999,-999,-999,-999,-999,-999,-999,-999,-999,-999,-999,-999,-999,-999,-999,-999,-999,-999,-999,-999,-999,-999,-999,-999,-999,-999,-999,-999,-999,-999,-999,-999,-999,-999,-999,-999,-999,-999,-999,-999,-999,-999,-999,-999,-999,-999,-999,-999,-999,-999,-999,-999,-999,-999,-999,-999,-999,-999,-999,-999,-999,-81.25
-83.75,-999,-999,-999,-999,-999,-999,-999,-999,-999,-999,-999,-999,-999,-999,-999,-999,-999,-999,-999,-999,-999,-999,-999,-999,-999,-999,-999,-999,-999,-999,-999,-999,-999,-999,-999,-999,-999,-999,-999,-999,-999,-999,-999,-999,-999,-999,-999,-999,-999,-999,-999,-999,-999,-999,-999,-999,-999,-999,-999,-999,-999,-999,-999,-999,-999,-999,-999,-999,-999,-999,-999,-999,-999,-999,-999,-999,-999,-999,-999,-999,-999,-999,-999,-999,-999,-999,-999,-999,-999,-999,-999,-999,-999,-999,-999,-999,-999,-999,-999,-999,-999,-999,-999,-999,-999,-999,-999,-999,-999,-999,-999,-999,-999,-999,-999,-999,-999,-999,-999,-999,-999,-999,-999,-999,-999,-999,-999,-999,-999,-999,-999,-999,-999,-999,-999,-999,-999,-999,-999,-999,-999,-999,-999,-999,-83.75
-86.25,-999,-999,-999,-999,-999,-999,-999,-999,-999,-999,-999,-999,-999,-999,-999,-999,-999,-999,-999,-999,-999,-999,-999,-999,-999,-999,-999,-999,-999,-999,-999,-999,-999,-999,-999,-999,-999,-999,-999,-999,-999,-999,-999,-999,-999,-999,-999,-999,-999,-999,-999,-999,-999,-999,-999,-999,-999,-999,-999,-999,-999,-999,-999,-999,-999,-999,-999,-999,-999,-999,-999,-999,-999,-999,-999,-999,-999,-999,-999,-999,-999,-999,-999,-999,-999,-999,-999,-999,-999,-999,-999,-999,-999,-999,-999,-999,-999,-999,-999,-999,-999,-999,-999,-999,-999,-999,-999,-999,-999,-999,-999,-999,-999,-999,-999,-999,-999,-999,-999,-999,-999,-999,-999,-999,-999,-999,-999,-999,-999,-999,-999,-999,-999,-999,-999,-999,-999,-999,-999,-999,-999,-999,-999,-999,-86.25
-88.75,-999,-999,-999,-999,-999,-999,-999,-999,-999,-999,-999,-999,-999,-999,-999,-999,-999,-999,-999,-999,-999,-999,-999,-999,-999,-999,-999,-999,-999,-999,-999,-999,-999,-999,-999,-999,-999,-999,-999,-999,-999,-999,-999,-999,-999,-999,-999,-999,-999,-999,-999,-999,-999,-999,-999,-999,-999,-999,-999,-999,-999,-999,-999,-999,-999,-999,-999,-999,-999,-999,-999,-999,-999,-999,-999,-999,-999,-999,-999,-999,-999,-999,-999,-999,-999,-999,-999,-999,-999,-999,-999,-999,-999,-999,-999,-999,-999,-999,-999,-999,-999,-999,-999,-999,-999,-999,-999,-999,-999,-999,-999,-999,-999,-999,-999,-999,-999,-999,-999,-999,-999,-999,-999,-999,-999,-999,-999,-999,-999,-999,-999,-999,-999,-999,-999,-999,-999,-999,-999,-999,-999,-999,-999,-999,-88.75
1,-178.75,-176.25,-173.75,-171.25,-168.75,-166.25,-163.75,-161.25,-158.75,-156.25,-153.75,-151.25,-148.75,-146.25,-143.75,-141.25,-138.75,-136.25,-133.75,-131.25,-128.75,-126.25,-123.75,-121.25,-118.75,-116.25,-113.75,-111.25,-108.75,-106.25,-103.75,-101.25,-98.75,-96.25,-93.75,-91.25,-88.75,-86.25,-83.75,-81.25,-78.75,-76.25,-73.75,-71.25,-68.75,-66.25,-63.75,-61.25,-58.75,-56.25,-53.75,-51.25,-48.75,-46.25,-43.75,-41.25,-38.75,-36.25,-33.75,-31.25,-28.75,-26.25,-23.75,-21.25,-18.75,-16.25,-13.75,-11.25,-8.75,-6.25,-3.75,-1.25,1.25,3.75,6.25,8.75,11.25,13.75,16.25,18.75,21.25,23.75,26.25,28.75,31.25,33.75,36.25,38.75,41.25,43.75,46.25,48.75,51.25,53.75,56.25,58.75,61.25,63.75,66.25,68.75,71.25,73.75,76.25,78.75,81.25,83.75,86.25,88.75,91.25,93.75,96.25,98.75,101.25,103.75,106.25,108.75,111.25,113.75,116.25,118.75,121.25,123.75,126.25,128.75,131.25,133.75,136.25,138.75,141.25,143.75,146.25,148.75,151.25,153.75,156.25,158.75,161.25,163.75,166.25,168.75,171.25,173.75,176.25,178.75,2
