1,-178.75,-176.25,-173.75,-171.25,-168.75,-166.25,-163.75,-161.25,-158.75,-156.25,-153.75,-151.25,-148.75,-146.25,-143.75,-141.25,-138.75,-136.25,-133.75,-131.25,-128.75,-126.25,-123.75,-121.25,-118.75,-116.25,-113.75,-111.25,-108.75,-106.25,-103.75,-101.25,-98.75,-96.25,-93.75,-91.25,-88.75,-86.25,-83.75,-81.25,-78.75,-76.25,-73.75,-71.25,-68.75,-66.25,-63.75,-61.25,-58.75,-56.25,-53.75,-51.25,-48.75,-46.25,-43.75,-41.25,-38.75,-36.25,-33.75,-31.25,-28.75,-26.25,-23.75,-21.25,-18.75,-16.25,-13.75,-11.25,-8.75,-6.25,-3.75,-1.25,1.25,3.75,6.25,8.75,11.25,13.75,16.25,18.75,21.25,23.75,26.25,28.75,31.25,33.75,36.25,38.75,41.25,43.75,46.25,48.75,51.25,53.75,56.25,58.75,61.25,63.75,66.25,68.75,71.25,73.75,76.25,78.75,81.25,83.75,86.25,88.75,91.25,93.75,96.25,98.75,101.25,103.75,106.25,108.75,111.25,113.75,116.25,118.75,121.25,123.75,126.25,128.75,131.25,133.75,136.25,138.75,141.25,143.75,146.25,148.75,151.25,153.75,156.25,158.75,161.25,163.75,166.25,168.75,171.25,173.75,176.25,178.75,2
88.75,-272.94,-272.94,-272.94,-272.94,-272.94,-272.94,-272.94,-272.94,-272.95,-272.95,-272.95,-272.95,-272.95,-272.95,-272.95,-272.95,-272.95,-272.95,-272.95,-272.95,-272.95,-272.95,-272.95,-272.95,-272.95,-272.95,-272.95,-272.95,-272.95,-272.95,-272.96,-272.96,-272.96,-272.96,-272.96,-272.96,-272.96,-272.96,-272.96,-272.96,-272.96,-272.96,-272.96,-272.96,-272.96,-272.96,-272.96,-272.95,-272.95,-272.95,-272.95,-272.95,-272.95,-272.95,-272.95,-272.95,-272.95,-272.95,-272.95,-272.95,-272.95,-272.95,-272.95,-272.95,-272.95,-272.95,-272.95,-272.95,-272.95,-272.95,-272.95,-272.95,-272.95,-272.94,-272.94,-272.94,-272.94,-272.94,-272.94,-272.94,-272.94,-272.94,-272.94,-272.94,-272.94,-272.94,-272.94,-272.94,-272.94,-272.94,-272.94,-272.94,-272.94,-272.94,-272.94,-272.94,-272.94,-272.94,-272.94,-272.95,-272.95,-272.95,-272.95,-272.95,-272.95,-272.95,-272.95,-272.95,-272.95,-272.95,-272.95,-272.94,-272.94,-272.94,-272.94,-272.94,-272.94,-272.94,-272.94,-272.94,-272.94,-272.94,-272.94,-272.94,-272.94,-272.94,-272.94,-272.94,-272.94,-272.94,-272.94,-272.94,-272.94,-272.94,-272.94,-272.94,-272.94,-272.94,-272.94,-272.94,-272.94,-272.94,-272.94,-272.94,88.75
86.25,-272.92,-272.92,-272.92,-272.93,-272.93,-272.93,-272.93,-272.93,-272.93,-272.94,-272.94,-272.94,-272.94,-272.94,-272.95,-272.95,-272.95,-272.95,-272.95,-272.96,-272.96,-272.96,-272.96,-272.96,-272.96,-272.96,-272.96,-272.96,-272.96,-272.96,-272.96,-272.96,-272.96,-272.96,-272.96,-272.96,-272.96,-272.96,-272.96,-272.96,-272.96,-272.96,-272.96,-272.96,-272.96,-272.96,-272.96,-272.96,-272.96,-272.96,-272.97,-272.97,-272.97,-272.97,-272.97,-272.97,-272.97,-272.97,-272.97,-272.98,-272.98,-272.97,-272.97,-272.97,-272.97,-272.97,-272.97,-272.96,-272.96,-272.96,-272.95,-272.95,-272.95,-272.94,-272.94,-272.94,-272.93,-272.93,-272.93,-272.92,-272.92,-272.92,-272.92,-272.92,-272.92,-272.92,-272.92,-272.92,-272.92,-272.92,-272.92,-272.92,-272.92,-272.93,-272.93,-272.93,-272.93,-272.93,-272.93,-272.94,-272.94,-272.94,-272.94,-272.94,-272.94,-272.94,-272.94,-272.94,-272.94,-272.94,-272.94,-272.94,-272.94,-272.94,-272.94,-272.94,-272.94,-272.94,-272.94,-272.94,-272.94,-272.94,-272.93,-272.93,-272.93,-272.93,-272.93,-272.93,-272.92,-272.92,-272.92,-272.92,-272.92,-272.92,-272.92,-272.92,-272.92,-272.92,-272.92,-272.92,-272.92,-272.92,-272.92,-272.92,86.25
83.75,-272.88,-272.88,-272.88,-272.88,-272.88,-272.89,-272.89,-272.89,-272.89,-272.9,-272.9,-272.91,-272.91,-272.91,-272.92,-272.92,-272.92,-272.92,-272.92,-272.92,-272.92,-272.92,-272.92,-272.92,-272.92,-272.92,-272.92,-272.92,-272.92,-272.92,-272.92,-272.92,-272.93,-272.93,-272.93,-272.93,-272.94,-272.94,-272.95,-272.96,-272.96,-272.97,-272.97,-272.97,-272.97,-272.96,-272.96,-272.95,-272.95,-272.95,-272.95,-272.96,-272.97,-272.99,-273.01,-273.03,-273.06,-273.07,-273.08,-999,-999,-272.94,-272.93,-272.93,-272.93,-272.93,-272.94,-272.95,-272.95,-272.95,-272.95,-272.95,-272.95,-272.94,-272.94,-272.93,-272.93,-272.92,-272.91,-272.91,-272.9,-272.9,-272.89,-272.89,-272.88,-272.88,-272.88,-272.88,-272.88,-272.88,-272.88,-272.88,-272.88,-272.88,-272.89,-272.89,-272.89,-272.89,-272.9,-272.9,-272.91,-272.91,-272.91,-272.91,-272.91,-272.91,-272.91,-272.9,-272.9,-272.9,-272.89,-272.89,-272.89,-272.89,-272.89,-272.89,-272.89,-272.9,-272.9,-272.9,-272.91,-272.91,-272.91,-272.91,-272.91,-272.91,-272.91,-272.91,-272.91,-272.9,-272.9,-272.9,-272.89,-272.89,-272.88,-272.88,-272.88,-272.88,-272.87,-272.87,-272.87,-272.87,-272.87,-272.88,83.75
81.25,-272.79,-272.79,-272.79,-272.79,-272.8,-272.8,-272.81,-272.81,-272.82,-272.82,-272.83,-272.83,-272.84,-272.85,-272.85,-272.86,-272.86,-272.87,-272.87,-272.87,-272.88,-272.88,-272.89,-272.89,-272.89,-272.9,-272.91,-272.91,-272.92,-272.92,-272.93,-272.93,-272.92,-999,-999,-999,-999,-999,-999,-999,-999,-999,-999,-273.01,-999,-999,-999,-999,-999,-999,-999,-999,-999,-999,-999,-999,-999,-999,-999,-999,-999,-999,-999,-999,-999,-999,-999,-272.86,-272.88,-272.9,-272.92,-272.92,-272.93,-272.93,-272.92,-272.92,-272.92,-272.94,-272.94,-272.94,-272.91,-272.9,-272.87,-272.86,-272.85,-272.84,-272.83,-272.82,-272.81,-272.8,-272.8,-272.8,-272.81,-272.81,-272.82,-999,-999,-272.87,-272.88,-272.9,-272.93,-272.96,-272.98,-273.01,-273.04,-273.06,-273.09,-273.1,-273.08,-999,-999,-999,-272.85,-272.84,-272.83,-272.83,-272.82,-272.82,-272.82,-272.82,-272.82,-272.83,-272.84,-272.85,-272.86,-272.86,-272.86,-272.85,-272.84,-272.83,-272.82,-272.81,-272.81,-272.8,-272.8,-272.8,-272.79,-272.79,-272.79,-272.79,-272.79,-272.79,-272.79,-272.79,81.25
78.75,-272.65,-272.65,-272.65,-272.65,-272.65,-272.65,-272.66,-272.67,-272.67,-272.69,-272.69,-272.71,-272.72,-272.74,-272.75,-272.77,-272.78,-272.8,-272.81,-272.82,-272.83,-272.85,-272.87,-272.9,-272.92,-272.96,-272.98,-999,-272.99,-272.99,-272.95,-999,-999,-999,-999,-999,-999,-999,-999,-999,-999,-999,-272.84,-999,-999,-999,-999,-999,-999,-999,-999,-999,-999,-999,-999,-999,-999,-999,-999,-999,-999,-999,-999,-999,-999,-272.73,-272.78,-272.83,-272.87,-272.9,-272.93,-272.95,-272.95,-272.91,-272.88,-272.92,-272.89,-999,-999,-999,-999,-999,-272.45,-272.52,-272.57,-272.62,-272.65,-272.66,-272.64,-272.6,-272.55,-272.51,-272.48,-272.48,-272.5,-272.56,-272.6,-272.65,-272.69,-272.74,-272.79,-272.86,-272.94,-273,-273.04,-273.09,-273.13,-273.17,-273.2,-999,-999,-999,-999,-999,-272.67,-272.66,-272.65,-272.65,-272.66,-272.66,-272.68,-272.7,-272.72,-272.74,-272.75,-272.74,-272.73,-272.71,-272.7,-272.7,-272.7,-272.69,-272.69,-272.68,-272.67,-272.65,-272.64,-272.64,-272.64,-272.65,-272.65,-272.65,-272.65,-272.65,78.75
76.25,-272.43,-272.41,-272.4,-272.38,-272.36,-272.34,-272.34,-272.34,-272.36,-272.38,-272.41,-272.46,-272.49,-272.53,-272.56,-272.59,-272.62,-272.65,-272.68,-272.7,-272.75,-272.79,-272.84,-999,-999,-999,-999,-999,-999,-999,-999,-999,-999,-999,-999,-999,-999,-999,-999,-999,-999,-272.75,-272.77,-272.84,-999,-999,-999,-999,-999,-999,-999,-999,-999,-999,-999,-999,-999,-999,-999,-999,-999,-999,-999,-999,-272.53,-272.59,-272.67,-272.74,-272.77,-272.75,-272.65,-272.49,-272.29,-272.16,-272.17,-272.3,-272.38,-272.31,-272.08,-271.79,-271.78,-271.83,-271.9,-271.92,-271.96,-272.02,-272.07,-272.1,-272.11,-272.12,-272.16,-272.22,-272.28,-272.38,-272.48,-999,-999,-999,-999,-272.64,-272.68,-272.71,-272.77,-272.83,-272.91,-272.98,-273.05,-273.12,-273.18,-999,-999,-999,-999,-999,-999,-999,-999,-999,-272.4,-272.41,-272.44,-272.48,-272.52,-272.55,-272.57,-272.59,-272.59,-999,-999,-999,-999,-999,-272.5,-272.48,-272.47,-272.47,-272.45,-272.43,-272.41,-272.41,-272.42,-272.43,-272.43,-272.43,76.25
73.75,-272.12,-272.08,-272.03,-271.97,-271.91,-271.86,-271.81,-271.82,-271.86,-271.93,-272,-272.07,-272.13,-272.18,-272.23,-272.28,-272.34,-272.4,-272.48,-272.59,-272.74,-272.87,-999,-999,-999,-999,-999,-272.62,-272.63,-999,-272.65,-999,-999,-999,-999,-999,-999,-999,-999,-999,-999,-272.81,-272.86,-272.9,-272.94,-272.97,-272.97,-272.96,-272.94,-999,-999,-999,-999,-999,-999,-999,-999,-999,-999,-999,-999,-999,-999,-999,-999,-272.5,-272.55,-272.48,-272.27,-271.98,-271.66,-271.41,-271.39,-271.61,-271.9,-272.16,-272.38,-272.56,-272.62,-272.52,-272.43,-272.34,-272.29,-272.26,-272.18,-272.05,-271.92,-271.84,-271.82,-271.84,-271.88,-271.94,-272.05,-999,-999,-999,-272.01,-272.18,-272.3,-272.4,-272.47,-272.56,-272.64,-272.73,-999,-999,-999,-999,-999,-999,-999,-999,-999,-999,-999,-999,-999,-999,-999,-272.3,-272.43,-999,-999,-272.67,-272.75,-272.81,-272.82,-272.8,-272.74,-272.48,-272.4,-272.3,-272.19,-272.12,-272.1,-272.1,-272.11,-272.12,-272.14,-272.16,-272.19,-272.2,-272.18,-272.16,73.75
71.25,-999,-271.83,-271.83,-271.79,-271.77,-271.74,-271.71,-271.73,-999,-999,-999,-999,-271.96,-272.04,-272.09,-272.18,-272.3,-272.47,-272.66,-272.81,-272.88,-272.86,-999,-999,-999,-999,-999,-999,-999,-999,-999,-272.68,-272.69,-999,-999,-272.63,-999,-999,-999,-999,-999,-999,-999,-999,-999,-272.83,-272.92,-272.97,-272.97,-272.96,-999,-999,-999,-999,-999,-999,-999,-999,-999,-999,-999,-999,-999,-272.21,-272.34,-272.32,-272.1,-271.79,-271.48,-271.25,-271.25,-271.58,-272.01,-272.31,-272.5,-272.64,-272.79,-272.99,-273.12,-273.06,-272.98,-999,-999,-999,-999,-272.47,-272.2,-271.97,-271.85,-271.8,-271.75,-271.67,-999,-999,-271.64,-271.78,-271.89,-271.98,-272.06,-999,-999,-999,-999,-999,-999,-999,-999,-999,-999,-999,-999,-999,-999,-999,-999,-999,-999,-999,-999,-999,-999,-999,-999,-999,-999,-999,-999,-999,-999,-999,-999,-999,-999,-999,-999,-999,-271.91,-272,-272.14,-272.26,-272.34,-272.35,-272.28,-999,71.25
68.75,-999,-271.52,-271.57,-271.56,-271.54,-999,-999,-999,-999,-999,-999,-999,-999,-999,-999,-999,-999,-999,-999,-999,-999,-999,-999,-999,-999,-999,-999,-999,-999,-999,-999,-272.56,-999,-999,-999,-999,-999,-999,-999,-999,-272.49,-999,-999,-999,-999,-272.53,-272.67,-272.83,-272.93,-273.02,-999,-999,-999,-999,-999,-999,-999,-999,-999,-999,-999,-999,-999,-272.66,-272.64,-272.48,-272.39,-272.44,-272.47,-272.54,-272.72,-272.9,-273.06,-273.19,-273.29,-273.37,-273.46,-273.52,-999,-999,-999,-999,-999,-999,-999,-999,-999,-271.92,-271.82,-271.77,-271.69,-271.58,-999,-999,-999,-999,-999,-999,-999,-999,-999,-999,-999,-999,-999,-999,-999,-999,-999,-999,-999,-999,-999,-999,-999,-999,-999,-999,-999,-999,-999,-999,-999,-999,-999,-999,-999,-999,-999,-999,-999,-999,-999,-999,-999,-999,-999,-999,-999,-999,-999,-999,-999,-999,68.75
66.25,-999,-999,-999,-999,-271.22,-999,-999,-999,-999,-999,-999,-999,-999,-999,-999,-999,-999,-999,-999,-999,-999,-999,-999,-999,-999,-999,-999,-999,-999,-999,-999,-999,-999,-999,-999,-999,-999,-999,-999,-272.56,-272.65,-272.79,-999,-999,-999,-999,-999,-272.81,-273.02,-273.5,-273.74,-999,-999,-999,-999,-999,-999,-999,-999,-275,-275.87,-276.81,-999,-999,-999,-999,-999,-275.33,-275.12,-274.56,-274.08,-273.7,-273.47,-273.57,-273.73,-273.83,-273.83,-999,-999,-999,-999,-999,-999,-999,-999,-999,-999,-999,-999,-999,-999,-999,-999,-999,-999,-999,-999,-999,-999,-999,-999,-999,-999,-999,-999,-999,-999,-999,-999,-999,-999,-999,-999,-999,-999,-999,-999,-999,-999,-999,-999,-999,-999,-999,-999,-999,-999,-999,-999,-999,-999,-999,-999,-999,-999,-999,-999,-999,-999,-999,-999,-999,-999,-999,66.25
63.75,-271.03,-270.97,-271.01,-270.98,-270.89,-271.13,-999,-999,-999,-999,-999,-999,-999,-999,-999,-999,-999,-999,-999,-999,-999,-999,-999,-999,-999,-999,-999,-999,-999,-999,-999,-999,-999,-999,-999,-999,-999,-999,-999,-999,-272.56,-999,-999,-999,-999,-999,-272.92,-273.19,-274.61,-276.66,-277.21,-999,-999,-999,-999,-999,-277.77,-277.69,-277.54,-277.37,-277.07,-276.73,-276.14,-999,-999,-999,-999,-275.62,-275.24,-274.9,-274.51,-274.09,-273.86,-273.84,-273.9,-999,-999,-999,-999,-999,-999,-999,-999,-999,-999,-999,-999,-999,-999,-999,-999,-999,-999,-999,-999,-999,-999,-999,-999,-999,-999,-999,-999,-999,-999,-999,-999,-999,-999,-999,-999,-999,-999,-999,-999,-999,-999,-999,-999,-999,-999,-999,-999,-999,-999,-999,-999,-999,-999,-999,-999,-999,-999,-999,-999,-999,-999,-999,-999,-999,-999,-999,-999,-999,63.75
61.25,-270.58,-270.37,-270.41,-270.56,-270.59,-270.8,-999,-999,-999,-999,-999,-999,-999,-999,-999,-999,-999,-999,-999,-999,-999,-999,-999,-999,-999,-999,-999,-999,-999,-999,-999,-999,-999,-999,-999,-272.18,-272.28,-272.41,-272.49,-272.5,-272.48,-999,-999,-999,-272.56,-272.77,-273.03,-273.78,-275.94,-277.04,-277.26,-277.31,-999,-999,-999,-278.21,-277.5,-276.82,-276.64,-276.56,-276.34,-275.96,-275.65,-275.43,-275.22,-275.05,-274.87,-274.69,-274.54,-274.34,-274.2,-274.12,-273.94,-273.6,-999,-999,-999,-999,-999,-271.61,-999,-999,-999,-999,-999,-999,-999,-999,-999,-999,-999,-999,-999,-999,-999,-999,-999,-999,-999,-999,-999,-999,-999,-999,-999,-999,-999,-999,-999,-999,-999,-999,-999,-999,-999,-999,-999,-999,-999,-999,-999,-999,-999,-999,-999,-999,-999,-999,-999,-999,-999,-999,-999,-999,-999,-272.54,-999,-999,-999,-999,-999,-999,-270.71,-270.69,61.25
58.75,-271.03,-270.98,-270.93,-270.82,-270.76,-270.78,-270.79,-999,-999,-999,-999,-999,-271.65,-271.73,-271.75,-271.82,-999,-999,-999,-999,-999,-999,-999,-999,-999,-999,-999,-999,-999,-999,-999,-999,-999,-999,-999,-272.34,-272.51,-272.59,-272.61,-272.57,-272.49,-999,-999,-999,-999,-999,-999,-273.14,-274.89,-276.59,-276.93,-277.02,-277.17,-277.35,-277.55,-277.43,-277.06,-277.03,-277.11,-277.02,-276.68,-276.37,-276.08,-275.8,-275.48,-275.12,-274.8,-274.56,-274.42,-274.25,-274.01,-273.73,-273.51,-273.19,-999,-999,-999,-999,-999,-271.52,-271.4,-999,-999,-999,-999,-999,-999,-999,-999,-999,-999,-999,-999,-999,-999,-999,-999,-999,-999,-999,-999,-999,-999,-999,-999,-999,-999,-999,-999,-999,-999,-999,-999,-999,-999,-999,-999,-999,-999,-999,-999,-999,-999,-999,-999,-999,-999,-999,-999,-999,-999,-999,-999,-999,-271.99,-999,-999,-270.95,-271,-270.94,-270.88,-270.9,-270.99,-271.04,58.75
56.25,-271.28,-271.29,-271.26,-271.23,-271.2,-271.14,-271.03,-270.96,-999,-271.26,-271.3,-271.37,-271.43,-271.45,-271.52,-271.69,-271.88,-272,-272.07,-999,-999,-999,-999,-999,-999,-999,-999,-999,-999,-999,-999,-999,-999,-999,-999,-999,-999,-999,-999,-272.72,-272.69,-999,-999,-999,-999,-999,-999,-999,-273.67,-274.95,-275.99,-276.51,-276.77,-276.8,-276.71,-276.66,-276.87,-277.14,-277.3,-277.29,-277.12,-276.71,-276.16,-275.64,-275.15,-274.84,-274.61,-274.44,-274.29,-999,-999,-273.07,-272.98,-272.78,-272.54,-999,-999,-999,-999,-271.58,-999,-999,-999,-999,-999,-999,-999,-999,-999,-999,-999,-999,-999,-999,-999,-999,-999,-999,-999,-999,-999,-999,-999,-999,-999,-999,-999,-999,-999,-999,-999,-999,-999,-999,-999,-999,-999,-999,-999,-999,-999,-999,-999,-999,-999,-999,-999,-271.57,-271.76,-271.7,-271.46,-271.27,-271.22,-271.2,-999,-999,-999,-270.95,-271.05,-271.07,-271.07,-271.08,-271.15,-271.22,56.25
53.75,-271.46,-271.47,-271.42,-271.36,-271.32,-271.24,-271.2,-271.24,-271.27,-271.28,-271.26,-271.25,-271.23,-271.25,-271.38,-271.57,-271.78,-271.95,-272.04,-999,-999,-999,-999,-999,-999,-999,-999,-999,-999,-999,-999,-999,-999,-999,-999,-999,-999,-999,-999,-999,-999,-999,-999,-999,-999,-999,-999,-999,-999,-999,-274.55,-275.39,-276.09,-276.08,-276.03,-276.2,-276.58,-276.87,-276.94,-276.88,-276.69,-276.4,-276.11,-275.69,-275.24,-274.82,-274.48,-274.25,-999,-999,-999,-999,-272.53,-272.47,-272.35,-999,-999,-999,-999,-999,-999,-999,-999,-999,-999,-999,-999,-999,-999,-999,-999,-999,-999,-999,-999,-999,-999,-999,-999,-999,-999,-999,-999,-999,-999,-999,-999,-999,-999,-999,-999,-999,-999,-999,-999,-999,-999,-999,-999,-999,-999,-999,-999,-999,-999,-999,-999,-999,-999,-271.48,-271.18,-271.06,-271.08,-271.07,-999,-999,-999,-271.06,-271.07,-271.11,-271.16,-271.24,-271.33,-271.41,53.75
51.25,-271.49,-271.47,-271.43,-271.38,-271.33,-271.28,-271.28,-271.28,-271.27,-271.24,-271.21,-271.16,-271.1,-271.11,-271.19,-271.34,-271.56,-271.79,-271.92,-271.96,-272,-999,-999,-999,-999,-999,-999,-999,-999,-999,-999,-999,-999,-999,-999,-999,-999,-999,-999,-999,-999,-999,-999,-999,-999,-999,-999,-999,-999,-999,-274.31,-274.58,-274.98,-275.12,-275.21,-275.29,-275.43,-275.54,-275.53,-275.51,-275.56,-275.58,-275.49,-275.28,-274.91,-274.48,-274.07,-273.91,-273.52,-273.32,-999,-999,-999,-999,-999,-999,-999,-999,-999,-999,-999,-999,-999,-999,-999,-999,-999,-999,-999,-999,-999,-999,-999,-999,-999,-999,-999,-999,-999,-999,-999,-999,-999,-999,-999,-999,-999,-999,-999,-999,-999,-999,-999,-999,-999,-999,-999,-999,-999,-999,-999,-999,-999,-999,-999,-999,-999,-999,-999,-999,-270.97,-270.93,-270.97,-271.02,-270.96,-270.98,-271.08,-271.18,-271.23,-271.3,-271.36,-271.39,-271.42,-271.45,51.25
48.75,-271.47,-271.45,-271.44,-271.38,-271.28,-271.24,-271.25,-271.25,-271.22,-271.19,-271.16,-271.13,-271.07,-271.05,-271.09,-271.22,-271.41,-271.57,-271.72,-271.85,-271.94,-999,-999,-999,-999,-999,-999,-999,-999,-999,-999,-999,-999,-999,-999,-999,-999,-999,-999,-999,-999,-999,-999,-999,-999,-999,-271.77,-271.73,-271.8,-999,-999,-273.91,-274.09,-274.05,-273.69,-273.78,-274.15,-274.37,-274.7,-275.01,-275.18,-275.29,-275.18,-274.9,-274.61,-274.2,-273.76,-273.52,-273.43,-273.32,-999,-999,-999,-999,-999,-999,-999,-999,-999,-999,-999,-999,-999,-999,-999,-999,-999,-999,-999,-999,-999,-999,-999,-999,-999,-999,-999,-999,-999,-999,-999,-999,-999,-999,-999,-999,-999,-999,-999,-999,-999,-999,-999,-999,-999,-999,-999,-999,-999,-999,-999,-999,-999,-999,-999,-999,-999,-999,-270.49,-999,-270.63,-270.71,-270.86,-271,-271.07,-271.15,-271.34,-271.5,-271.56,-271.57,-271.57,-271.55,-271.52,-271.49,48.75
46.25,-271.67,-271.56,-271.47,-271.37,-271.27,-271.22,-271.23,-271.24,-271.22,-271.17,-271.12,-271.13,-271.12,-271.13,-271.16,-271.26,-271.37,-271.47,-271.62,-271.76,-271.87,-271.96,-999,-999,-999,-999,-999,-999,-999,-999,-999,-999,-999,-999,-999,-999,-999,-999,-999,-999,-999,-999,-999,-999,-999,-999,-999,-999,-271.82,-272.2,-272.6,-272.85,-272.82,-272.96,-272.49,-272.66,-273.23,-273.69,-274.45,-275.06,-275.09,-274.9,-274.74,-274.63,-274.4,-273.94,-273.51,-273.33,-273.26,-273.2,-273.1,-999,-999,-999,-999,-999,-999,-999,-999,-999,-999,-999,-999,-999,-999,-999,-999,-999,-999,-999,-999,-999,-999,-999,-999,-999,-999,-999,-999,-999,-999,-999,-999,-999,-999,-999,-999,-999,-999,-999,-999,-999,-999,-999,-999,-999,-999,-999,-999,-999,-999,-999,-999,-999,-999,-999,-999,-270.85,-270.56,-270.27,-270.22,-270.4,-270.67,-270.99,-271.22,-271.38,-271.58,-271.7,-271.66,-271.67,-271.66,-271.74,-271.79,-271.76,46.25
43.75,-271.85,-271.72,-271.55,-271.39,-271.29,-271.22,-271.21,-271.22,-271.2,-271.16,-271.12,-271.13,-271.16,-271.21,-271.27,-271.35,-271.43,-271.49,-271.6,-271.77,-271.88,-271.93,-999,-999,-999,-999,-999,-999,-999,-999,-999,-999,-999,-999,-999,-999,-999,-999,-999,-999,-999,-999,-999,-999,-999,-999,-999,-272.24,-272.25,-272.49,-272.24,-271.47,-269.81,-270.59,-271.33,-271.61,-272.13,-272.69,-273.58,-274.54,-274.46,-274.18,-273.97,-273.77,-273.56,-273.33,-273.29,-273.37,-273.32,-999,-273.06,-999,-999,-999,-999,-999,-999,-999,-999,-999,-999,-999,-999,-999,-270.94,-270.93,-270.97,-999,-999,-999,-999,-999,-999,-999,-999,-999,-999,-999,-999,-999,-999,-999,-999,-999,-999,-999,-999,-999,-999,-999,-999,-999,-999,-999,-999,-999,-999,-999,-999,-999,-999,-999,-999,-999,-999,-999,-999,-271.07,-999,-999,-269.79,-269.85,-270.39,-270.83,-271.04,-271.28,-271.46,-271.59,-271.67,-271.73,-271.74,-271.85,-272,-271.96,43.75
41.25,-271.79,-271.72,-271.63,-271.5,-271.36,-271.24,-271.18,-271.12,-271.08,-271.04,-271.01,-271.03,-271.11,-271.2,-271.29,-271.36,-271.41,-271.47,-271.61,-271.83,-271.93,-271.83,-999,-999,-999,-999,-999,-999,-999,-999,-999,-999,-999,-999,-999,-999,-999,-999,-999,-999,-999,-999,-999,-271.94,-272.36,-272.33,-272.3,-272.32,-272.31,-272.23,-272.06,-271.78,-271.56,-271.71,-271.7,-271.7,-271.75,-272.06,-273.04,-273.48,-273.32,-273.23,-273.2,-273.13,-273.03,-273.01,-273.15,-273.32,-999,-999,-999,-999,-999,-272.22,-272.03,-999,-271.77,-999,-999,-999,-999,-999,-999,-999,-999,-999,-999,-999,-999,-999,-999,-999,-999,-999,-999,-999,-999,-999,-999,-999,-999,-999,-999,-999,-999,-999,-999,-999,-999,-999,-999,-999,-999,-999,-999,-999,-999,-999,-999,-999,-999,-999,-999,-999,-271.14,-271.14,-271.2,-271.31,-999,-271.08,-270.69,-271.09,-271.38,-271.39,-271.43,-271.37,-271.36,-271.51,-271.63,-271.67,-271.72,-271.81,-271.88,-271.85,41.25
38.75,-271.76,-271.72,-271.7,-271.59,-271.44,-271.3,-271.17,-271.05,-270.98,-270.93,-270.9,-270.93,-270.97,-271.07,-271.2,-271.26,-271.31,-271.43,-271.61,-271.81,-271.88,-271.72,-999,-999,-999,-999,-999,-999,-999,-999,-999,-999,-999,-999,-999,-999,-999,-999,-999,-999,-999,-999,-999,-272.12,-272.17,-272.11,-272.08,-272.02,-271.99,-271.98,-272.02,-272.07,-272.1,-272.12,-272.12,-272.08,-272.12,-272.35,-272.58,-272.52,-272.54,-272.65,-272.78,-272.81,-272.79,-272.88,-273.06,-273.27,-999,-999,-999,-999,-272.35,-272.31,-272.14,-999,-271.9,-271.9,-999,-271.83,-999,-999,-999,-999,-999,-999,-999,-999,-999,-999,-999,-999,-999,-999,-999,-999,-999,-999,-999,-999,-999,-999,-999,-999,-999,-999,-999,-999,-999,-999,-999,-999,-999,-999,-999,-999,-999,-999,-999,-999,-271.38,-271.46,-999,-999,-271.54,-271.6,-271.55,-271.54,-999,-271.73,-271.72,-271.67,-271.58,-271.48,-271.41,-271.4,-271.43,-271.48,-271.52,-271.57,-271.64,-271.67,-271.72,-271.76,38.75
36.25,-271.73,-271.73,-271.69,-271.55,-271.42,-271.3,-271.14,-270.99,-270.89,-270.84,-270.82,-270.85,-270.91,-271.04,-271.2,-271.24,-271.26,-271.32,-271.48,-271.69,-271.81,-271.7,-271.61,-999,-999,-999,-999,-999,-999,-999,-999,-999,-999,-999,-999,-999,-999,-999,-999,-999,-999,-999,-271.87,-271.93,-271.77,-271.73,-271.77,-271.84,-271.95,-271.98,-272.01,-272.05,-272.1,-272.13,-272.13,-272.12,-272.13,-272.17,-272.18,-272.23,-272.35,-272.5,-272.61,-272.65,-272.74,-272.89,-273.05,-273.23,-273.08,-272.84,-272.66,-999,-999,-999,-999,-999,-999,-272.07,-272.02,-271.91,-271.83,-271.77,-271.6,-999,-271.6,-999,-999,-999,-999,-999,-999,-999,-999,-999,-999,-999,-999,-999,-999,-999,-999,-999,-999,-999,-999,-999,-999,-999,-999,-999,-999,-999,-999,-999,-999,-999,-999,-999,-999,-999,-999,-271.62,-999,-999,-271.87,-271.78,-999,-999,-999,-271.83,-271.72,-271.66,-271.59,-271.54,-271.49,-271.48,-271.52,-271.6,-271.68,-271.75,-271.76,-271.75,-271.73,-271.73,36.25
33.75,-271.72,-271.68,-271.63,-271.5,-271.37,-271.22,-271.08,-270.94,-270.85,-270.84,-270.87,-270.96,-271.1,-271.25,-271.34,-271.33,-271.29,-271.3,-271.41,-271.56,-271.64,-271.62,-271.59,-271.58,-999,-999,-999,-999,-999,-999,-999,-999,-999,-999,-999,-999,-999,-999,-999,-999,-999,-271.72,-271.85,-271.73,-271.67,-271.68,-271.73,-271.8,-271.87,-271.91,-271.91,-271.89,-271.87,-271.85,-271.84,-271.87,-271.93,-272.06,-272.2,-272.3,-272.41,-272.5,-272.55,-272.63,-272.78,-272.9,-273.04,-273.14,-273.07,-999,-999,-999,-999,-999,-999,-999,-999,-272.03,-271.97,-271.88,-271.8,-271.78,-271.69,-271.62,-271.65,-271.6,-999,-999,-999,-999,-999,-999,-999,-999,-999,-999,-999,-999,-999,-999,-999,-999,-999,-999,-999,-999,-999,-999,-999,-999,-999,-999,-999,-999,-999,-999,-999,-999,-999,-999,-999,-271.91,-272.03,-271.97,-999,-999,-999,-271.93,-272.02,-271.97,-271.88,-271.81,-271.75,-271.71,-271.69,-271.72,-271.78,-271.84,-271.89,-271.89,-271.83,-271.78,-271.78,-271.78,33.75
31.25,-271.79,-271.71,-271.64,-271.53,-271.39,-271.24,-271.13,-271.06,-271.06,-271.1,-271.17,-271.27,-271.39,-271.47,-271.46,-271.4,-271.32,-271.31,-271.35,-271.39,-271.43,-271.44,-271.45,-271.54,-271.55,-999,-999,-999,-999,-999,-999,-999,-999,-999,-999,-999,-999,-999,-999,-999,-271.67,-271.74,-271.78,-271.74,-271.72,-271.68,-271.65,-271.63,-271.64,-271.64,-271.63,-271.61,-271.59,-271.62,-271.68,-271.82,-272.01,-272.19,-272.33,-272.44,-272.52,-272.56,-272.6,-272.67,-272.75,-272.86,-272.99,-273.06,-999,-999,-999,-999,-999,-999,-999,-999,-999,-999,-999,-271.91,-999,-999,-999,-999,-999,-999,-999,-999,-999,-999,-999,-999,-999,-999,-999,-999,-999,-999,-999,-999,-999,-999,-999,-999,-999,-999,-999,-999,-999,-999,-999,-999,-999,-999,-999,-999,-999,-999,-999,-999,-999,-271.83,-272.01,-271.99,-272.09,-272.22,-272.22,-272.16,-272.1,-272.03,-271.98,-271.95,-271.91,-271.89,-271.89,-271.95,-271.99,-271.99,-271.97,-271.89,-271.84,-271.85,-271.85,-271.82,31.25
28.75,-271.87,-271.82,-271.72,-271.61,-271.52,-271.44,-271.39,-271.38,-271.4,-271.44,-271.47,-271.5,-271.54,-271.53,-271.49,-271.43,-271.36,-271.33,-271.32,-271.29,-271.29,-271.29,-271.35,-271.43,-271.46,-271.41,-999,-999,-999,-999,-999,-999,-999,-999,-271.17,-271.13,-271.19,-271.11,-271.03,-999,-271.69,-271.74,-271.65,-271.62,-271.58,-271.55,-271.52,-271.5,-271.48,-271.5,-271.52,-271.58,-271.65,-271.76,-271.88,-272.05,-272.24,-272.38,-272.49,-272.59,-272.62,-272.61,-272.6,-272.62,-272.66,-272.76,-272.89,-999,-999,-999,-999,-999,-999,-999,-999,-999,-999,-999,-999,-999,-999,-999,-999,-999,-999,-999,-999,-999,-999,-999,-999,-999,-999,-999,-999,-999,-999,-999,-999,-999,-999,-999,-999,-999,-999,-999,-999,-999,-999,-999,-999,-999,-999,-999,-999,-999,-999,-999,-999,-999,-999,-271.78,-271.99,-272.08,-272.33,-272.39,-272.33,-272.3,-272.23,-272.19,-272.18,-272.13,-272.06,-272.01,-272,-272.01,-271.98,-271.96,-271.92,-271.87,-271.84,-271.86,-271.9,-271.89,28.75
26.25,-271.81,-271.76,-271.7,-271.63,-271.55,-271.51,-271.49,-271.49,-271.48,-271.47,-271.48,-271.5,-271.53,-271.55,-271.54,-271.49,-271.42,-271.36,-271.32,-271.28,-271.28,-271.31,-271.34,-271.37,-271.36,-271.32,-271.33,-999,-999,-999,-999,-999,-999,-271.28,-271.12,-271.13,-271.21,-271.33,-271.28,-999,-271.7,-271.71,-271.67,-271.59,-271.56,-271.58,-271.6,-271.63,-271.69,-271.74,-271.79,-271.88,-271.99,-272.11,-272.22,-272.35,-272.47,-272.56,-272.63,-272.66,-272.62,-272.57,-272.52,-272.52,-272.59,-272.68,-999,-999,-999,-999,-999,-999,-999,-999,-999,-999,-999,-999,-999,-999,-999,-999,-999,-999,-999,-999,-999,-999,-999,-999,-999,-999,-999,-272.12,-272.41,-999,-999,-999,-999,-999,-999,-999,-999,-999,-999,-999,-999,-999,-999,-999,-999,-999,-999,-999,-999,-999,-999,-999,-999,-999,-271.64,-271.86,-272.16,-272.39,-272.61,-272.55,-272.49,-272.44,-272.38,-272.34,-272.26,-272.19,-272.1,-272,-271.92,-271.89,-271.87,-271.86,-271.86,-271.84,-271.83,-271.84,-271.85,-271.83,26.25
23.75,-271.63,-271.6,-271.55,-271.48,-271.42,-271.42,-271.43,-271.47,-271.49,-271.49,-271.49,-271.53,-271.57,-271.59,-271.58,-271.55,-271.49,-271.45,-271.41,-271.39,-271.4,-271.4,-271.38,-271.32,-271.25,-271.22,-271.2,-999,-271.47,-999,-999,-999,-999,-271.27,-271.25,-271.37,-271.58,-271.99,-271.87,-271.79,-271.82,-271.85,-271.9,-271.89,-271.89,-271.93,-272.01,-272.08,-272.14,-272.18,-272.23,-272.28,-272.36,-272.44,-272.51,-272.59,-272.63,-272.65,-272.67,-272.66,-272.62,-272.54,-272.49,-272.51,-272.57,-999,-999,-999,-999,-999,-999,-999,-999,-999,-999,-999,-999,-999,-999,-999,-999,-999,-999,-999,-999,-999,-271.72,-999,-999,-999,-999,-999,-999,-999,-999,-999,-272.39,-272.45,-272.47,-999,-999,-999,-999,-999,-999,-999,-999,-999,-999,-999,-999,-999,-999,-999,-999,-999,-999,-999,-999,-999,-999,-272.17,-272.58,-272.66,-272.62,-272.54,-272.45,-272.38,-272.31,-272.22,-272.1,-272.02,-271.94,-271.85,-271.79,-271.76,-271.76,-271.76,-271.77,-271.78,-271.77,-271.76,-271.73,-271.68,23.75
21.25,-271.51,-271.47,-271.41,-271.35,-271.31,-271.31,-271.34,-271.4,-271.46,-271.48,-271.52,-271.55,-271.57,-271.58,-271.57,-271.57,-271.55,-271.51,-271.49,-271.49,-271.52,-271.47,-271.37,-271.27,-271.21,-271.2,-271.23,-271.3,-271.38,-271.41,-999,-999,-999,-271.35,-271.43,-999,-999,-272.16,-271.95,-271.86,-999,-999,-272.09,-272.21,-272.26,-272.33,-272.42,-272.46,-272.51,-272.52,-272.54,-272.57,-272.61,-272.65,-272.7,-272.72,-272.72,-272.71,-272.7,-272.66,-272.59,-272.52,-272.48,-272.49,-272.53,-999,-999,-999,-999,-999,-999,-999,-999,-999,-999,-999,-999,-999,-999,-999,-999,-999,-999,-999,-999,-999,-999,-999,-999,-999,-999,-999,-999,-999,-999,-999,-272.27,-272.25,-272.21,-272.09,-999,-999,-999,-999,-999,-999,-999,-272.04,-272,-999,-999,-999,-999,-999,-999,-999,-999,-272.07,-272.09,-272.04,-272.07,-272.44,-272.55,-272.5,-272.41,-272.28,-272.15,-272.03,-271.97,-271.91,-271.84,-271.77,-271.71,-271.67,-271.65,-271.63,-271.63,-271.64,-271.65,-271.66,-271.66,-271.64,-271.61,-271.55,21.25
18.75,-271.42,-271.39,-271.36,-271.35,-271.36,-271.36,-271.36,-271.4,-271.46,-271.51,-271.55,-271.56,-271.57,-271.58,-271.58,-271.58,-271.56,-271.54,-271.53,-271.51,-271.49,-271.46,-271.42,-271.34,-271.28,-271.26,-271.28,-271.31,-271.35,-271.32,-999,-999,-999,-999,-271.48,-999,-999,-272.36,-272.27,-272.29,-272.23,-272.16,-272.21,-999,-999,-272.52,-272.68,-272.72,-272.73,-272.73,-272.72,-272.74,-272.76,-272.77,-272.76,-272.74,-272.72,-272.69,-272.65,-272.59,-272.51,-272.45,-272.41,-272.4,-272.4,-999,-999,-999,-999,-999,-999,-999,-999,-999,-999,-999,-999,-999,-999,-999,-999,-999,-999,-999,-999,-999,-999,-271.78,-999,-999,-999,-999,-999,-999,-999,-272.15,-272.1,-272.05,-271.98,-271.88,-271.78,-999,-999,-999,-999,-999,-272.13,-272.15,-272.06,-999,-999,-999,-999,-999,-999,-999,-999,-272.25,-272.38,-272.37,-999,-272.13,-272.22,-272.16,-272.05,-271.91,-271.79,-271.71,-271.66,-271.63,-271.6,-271.57,-271.54,-271.52,-271.52,-271.53,-271.55,-271.55,-271.55,-271.54,-271.53,-271.52,-271.48,-271.45,18.75
16.25,-271.43,-271.43,-271.42,-271.41,-271.43,-271.44,-271.45,-271.47,-271.51,-271.56,-271.58,-271.57,-271.57,-271.56,-271.54,-271.5,-271.49,-271.48,-271.48,-271.47,-271.47,-271.46,-271.44,-271.4,-271.38,-271.34,-271.33,-271.32,-271.33,-271.33,-271.27,-271.2,-999,-999,-999,-999,-999,-999,-999,-272.73,-272.7,-272.67,-272.71,-272.74,-272.75,-272.76,-272.78,-272.81,-272.82,-272.82,-272.83,-272.83,-272.82,-272.78,-272.73,-272.67,-272.61,-272.56,-272.5,-272.43,-272.37,-272.32,-272.3,-272.3,-272.33,-999,-999,-999,-999,-999,-999,-999,-999,-999,-999,-999,-999,-999,-999,-999,-999,-999,-999,-999,-999,-999,-999,-999,-271.9,-999,-999,-999,-999,-271.97,-271.97,-271.99,-271.93,-271.86,-271.79,-271.76,-271.74,-999,-999,-999,-999,-272.16,-272.18,-272.23,-272.14,-999,-999,-999,-999,-999,-999,-999,-272.35,-272.36,-272.47,-272.45,-999,-272.04,-272.01,-271.95,-271.85,-271.76,-271.69,-271.64,-271.59,-271.58,-271.57,-271.57,-271.56,-271.55,-271.54,-271.55,-271.56,-271.56,-271.55,-271.51,-271.5,-271.5,-271.47,-271.43,16.25
13.75,-271.47,-271.48,-271.47,-271.46,-271.45,-271.44,-271.44,-271.45,-271.46,-271.47,-271.47,-271.46,-271.45,-271.43,-271.41,-271.4,-271.4,-271.41,-271.44,-271.45,-271.47,-271.49,-271.49,-271.5,-271.51,-271.49,-271.47,-271.45,-271.45,-271.47,-271.41,-271.32,-271.26,-271.37,-271.33,-999,-999,-999,-999,-272.82,-272.88,-272.87,-272.81,-272.75,-272.74,-272.75,-272.74,-272.75,-272.8,-272.82,-272.82,-272.79,-272.76,-272.7,-272.63,-272.57,-272.5,-272.42,-272.35,-272.32,-272.28,-272.27,-272.25,-272.27,-272.3,-999,-999,-999,-999,-999,-999,-999,-999,-999,-999,-999,-999,-999,-999,-999,-999,-999,-999,-999,-999,-999,-999,-999,-999,-999,-999,-999,-271.98,-272.06,-271.96,-271.87,-271.82,-271.8,-271.77,-271.76,-271.77,-271.82,-999,-999,-272.1,-272.13,-272.19,-272.24,-272.23,-272.22,-272.25,-999,-999,-999,-999,-999,-272.48,-272.36,-272.43,-272.41,-999,-999,-271.97,-271.97,-271.9,-271.83,-271.77,-271.72,-271.67,-271.64,-271.63,-271.64,-271.63,-271.61,-271.59,-271.57,-271.57,-271.58,-271.57,-271.53,-271.51,-271.52,-271.5,-271.47,13.75
11.25,-271.55,-271.54,-271.52,-271.51,-271.48,-271.46,-271.46,-271.46,-271.47,-271.46,-271.45,-271.44,-271.43,-271.43,-271.43,-271.45,-271.48,-271.51,-271.52,-271.52,-271.52,-271.57,-271.61,-271.62,-271.64,-271.65,-271.66,-271.64,-271.65,-271.68,-271.71,-271.77,-271.86,-271.94,-271.98,-272.03,-272.13,-999,-999,-272.78,-272.81,-999,-999,-999,-999,-999,-999,-272.61,-272.71,-272.76,-272.73,-272.69,-272.65,-272.57,-272.5,-272.44,-272.36,-272.3,-272.28,-272.27,-272.26,-272.25,-272.25,-272.28,-272.33,-272.36,-999,-999,-999,-999,-999,-999,-999,-999,-999,-999,-999,-999,-999,-999,-999,-999,-999,-999,-999,-999,-999,-999,-999,-999,-999,-999,-999,-271.88,-271.82,-271.79,-271.79,-271.8,-271.79,-271.8,-271.81,-271.87,-999,-999,-272.12,-272.19,-272.23,-272.28,-272.29,-272.3,-272.27,-999,-272.53,-999,-999,-999,-272.45,-272.33,-272.31,-272.32,-272.35,-999,-271.98,-272.03,-272.02,-271.94,-271.87,-271.83,-271.79,-271.75,-271.71,-271.71,-271.68,-271.65,-271.62,-271.6,-271.58,-271.56,-271.56,-271.56,-271.55,-271.55,-271.54,-271.54,11.25
8.75,-271.71,-271.7,-271.69,-271.67,-271.65,-271.63,-271.64,-271.62,-271.61,-271.59,-271.55,-271.53,-271.53,-271.54,-271.52,-271.48,-271.44,-271.43,-271.39,-271.37,-271.38,-271.41,-271.46,-271.53,-271.61,-271.7,-271.78,-271.84,-271.87,-271.95,-272.03,-272.11,-272.18,-272.23,-272.27,-272.28,-272.1,-271.78,-999,-999,-999,-999,-999,-999,-999,-999,-999,-999,-272.57,-272.55,-272.49,-272.51,-272.53,-272.46,-272.36,-272.29,-272.26,-272.26,-272.27,-272.27,-272.27,-272.26,-272.25,-272.24,-272.31,-272.36,-272.33,-999,-999,-999,-999,-999,-999,-999,-999,-999,-999,-999,-999,-999,-999,-999,-999,-999,-999,-999,-999,-999,-999,-999,-999,-999,-999,-271.81,-271.8,-271.83,-271.86,-271.87,-271.87,-271.9,-271.91,-271.95,-999,-999,-999,-272.19,-272.23,-272.28,-272.3,-272.28,-272.27,-999,-272.44,-272.46,-999,-272.44,-272.32,-272.29,-272.16,-272.13,-272.22,-999,-999,-272.11,-272.13,-272.03,-271.95,-271.92,-271.93,-271.92,-271.9,-271.87,-271.8,-271.74,-271.72,-271.69,-271.67,-271.66,-271.65,-271.67,-271.7,-271.72,-271.72,-271.72,8.75
6.25,-271.6,-271.56,-271.51,-271.46,-271.42,-271.37,-271.31,-271.25,-271.22,-271.21,-271.17,-271.14,-271.12,-271.1,-271.06,-271.03,-271.04,-271.05,-271.07,-271.12,-271.18,-271.26,-271.36,-271.45,-271.54,-271.64,-271.74,-271.81,-271.83,-271.87,-271.91,-271.93,-271.93,-271.94,-271.96,-271.96,-271.86,-271.73,-271.66,-271.7,-271.79,-999,-999,-999,-999,-999,-999,-999,-999,-999,-999,-272.32,-272.36,-272.38,-272.32,-272.3,-272.3,-272.29,-272.27,-272.25,-272.23,-272.22,-272.2,-272.22,-272.27,-272.31,-272.28,-999,-999,-999,-999,-999,-999,-999,-999,-999,-999,-999,-999,-999,-999,-999,-999,-999,-999,-999,-999,-999,-999,-999,-999,-999,-271.8,-271.81,-271.8,-271.86,-271.9,-271.93,-271.97,-271.98,-271.98,-271.98,-272,-272.09,-999,-272.19,-272.24,-272.24,-272.2,-272.15,-272.19,-272.18,-999,-272.45,-272.44,-272.39,-272.3,-272.21,-999,-999,-272.18,-999,-272.06,-272.24,-272.12,-272.09,-272.03,-272,-271.98,-271.96,-271.95,-271.92,-271.88,-271.84,-271.81,-271.79,-271.78,-271.78,-271.74,-271.72,-271.69,-271.67,-271.66,-271.63,6.25
3.75,-271.33,-271.33,-271.31,-271.29,-271.27,-271.25,-271.21,-271.16,-271.12,-271.12,-271.09,-271.05,-271.02,-271.04,-271.05,-271.06,-271.07,-271.1,-271.17,-271.21,-271.27,-271.37,-271.48,-271.57,-271.65,-271.72,-271.78,-271.86,-271.89,-271.9,-271.87,-271.83,-271.81,-271.77,-271.73,-271.64,-271.56,-271.53,-271.51,-271.61,-271.75,-999,-999,-999,-999,-999,-999,-999,-999,-999,-999,-999,-272.25,-272.26,-272.3,-272.33,-272.29,-272.24,-272.21,-272.17,-272.1,-272.06,-272,-271.97,-271.96,-271.93,-271.9,-271.89,-271.87,-271.83,-271.82,-271.79,-271.74,-271.75,-271.78,-999,-999,-999,-999,-999,-999,-999,-999,-999,-999,-999,-999,-999,-999,-999,-999,-271.76,-271.84,-271.86,-271.92,-271.96,-271.97,-271.99,-272.01,-272.04,-272.06,-272.07,-272.1,-272.17,-272.24,-272.26,-272.28,-272.24,-272.18,-272.12,-999,-999,-999,-272.36,-272.38,-272.29,-272.16,-999,-999,-272.09,-272.05,-271.98,-272.13,-272.11,-272.07,-272.08,-271.99,-271.89,-271.84,-271.81,-271.8,-271.78,-271.75,-271.71,-271.65,-271.63,-271.62,-271.57,-271.5,-271.43,-271.39,-271.37,-271.35,-271.34,3.75
1.25,-271.27,-271.27,-271.28,-271.29,-271.3,-271.32,-271.32,-271.3,-271.26,-271.22,-271.16,-271.09,-271.04,-271.04,-271.04,-271.04,-271.06,-271.08,-271.13,-271.18,-271.21,-271.19,-271.19,-271.25,-271.28,-271.25,-271.23,-271.24,-271.29,-271.36,-271.42,-271.45,-271.49,-271.52,-271.52,-271.49,-271.55,-271.56,-271.52,-271.59,-999,-999,-999,-999,-999,-999,-999,-999,-999,-999,-999,-999,-272.25,-272.18,-272.15,-272.16,-272.17,-272.09,-271.96,-271.81,-271.7,-271.61,-271.54,-271.49,-271.47,-271.48,-271.49,-271.51,-271.56,-271.6,-271.61,-271.57,-271.54,-271.52,-271.56,-999,-999,-999,-999,-999,-999,-999,-999,-999,-999,-999,-999,-999,-999,-999,-271.77,-271.71,-271.89,-271.91,-271.97,-272.02,-272.04,-272.05,-272.08,-272.12,-272.16,-272.17,-272.16,-272.17,-272.19,-272.22,-272.23,-272.23,-272.19,-272.09,-271.95,-999,-999,-272.19,-272.33,-999,-999,-999,-999,-272.06,-271.97,-999,-272.08,-271.98,-271.85,-271.81,-271.77,-271.73,-271.7,-271.69,-271.68,-271.68,-271.7,-271.64,-271.58,-271.55,-271.48,-271.42,-271.36,-271.29,-271.24,-271.22,-271.23,-271.25,1.25
-1.25,-271.46,-271.46,-271.46,-271.45,-271.45,-271.49,-271.5,-271.49,-271.46,-271.43,-271.37,-271.3,-271.27,-271.27,-271.27,-271.26,-271.26,-271.27,-271.27,-271.27,-271.2,-271.16,-271.18,-271.18,-271.15,-271.11,-271.09,-271,-270.92,-270.92,-270.93,-270.93,-270.93,-270.96,-270.89,-270.91,-271.35,-271.33,-271.39,-999,-999,-999,-999,-999,-999,-999,-999,-999,-999,-999,-999,-999,-999,-999,-272.12,-272.12,-272.07,-271.99,-271.91,-271.8,-271.68,-271.59,-271.52,-271.45,-271.42,-271.42,-271.42,-271.43,-271.44,-271.44,-271.41,-271.36,-271.34,-271.33,-271.36,-999,-999,-999,-999,-999,-999,-999,-999,-999,-999,-999,-999,-999,-999,-271.96,-271.81,-271.83,-271.91,-271.88,-271.91,-271.96,-272.02,-272.06,-272.06,-272.09,-272.12,-272.13,-272.13,-272.11,-272.09,-272.09,-272.1,-272.07,-272.01,-271.91,-271.81,-271.79,-999,-999,-272.24,-272.38,-999,-999,-999,-272.02,-999,-272.09,-272.1,-272.12,-999,-999,-271.65,-271.65,-271.71,-271.8,-271.84,-271.88,-271.92,-271.87,-271.78,-271.7,-271.64,-271.59,-271.54,-271.49,-271.45,-271.41,-271.4,-271.43,-1.25
-3.75,-271.76,-271.79,-271.81,-271.82,-271.83,-271.84,-271.81,-271.79,-271.78,-271.78,-271.77,-271.74,-271.69,-271.65,-271.64,-271.63,-271.61,-271.59,-271.57,-271.54,-271.5,-271.48,-271.45,-271.4,-271.36,-271.34,-271.33,-271.32,-271.33,-271.33,-271.32,-271.29,-271.26,-271.22,-271.21,-271.25,-271.23,-271.11,-271.15,-999,-999,-999,-999,-999,-999,-999,-999,-999,-999,-999,-999,-999,-999,-999,-999,-999,-999,-272.2,-272.1,-271.97,-271.86,-271.78,-271.72,-271.66,-271.62,-271.59,-271.57,-271.55,-271.55,-271.54,-271.49,-271.41,-271.39,-271.38,-271.36,-271.38,-999,-999,-999,-999,-999,-999,-999,-999,-999,-999,-999,-999,-271.93,-271.98,-271.91,-271.89,-271.82,-271.82,-271.82,-271.81,-271.84,-271.86,-271.87,-271.88,-271.9,-271.91,-271.93,-271.96,-271.99,-272.02,-272.03,-271.99,-271.93,-271.84,-271.74,-271.67,-271.61,-999,-999,-272.15,-272.19,-999,-999,-272.11,-999,-272.25,-272.3,-272.21,-272.2,-999,-999,-999,-999,-999,-271.85,-272.01,-999,-271.99,-271.94,-271.89,-271.81,-271.8,-271.81,-271.79,-271.77,-271.75,-271.76,-271.75,-3.75
-6.25,-271.93,-271.93,-271.96,-272.01,-272.07,-272.13,-272.1,-272.07,-272.06,-272.06,-272.07,-272.08,-272.09,-272.09,-272.07,-272.05,-272.02,-272.01,-272.01,-271.99,-271.96,-271.92,-271.89,-271.88,-271.87,-271.87,-271.86,-271.85,-271.84,-271.81,-271.77,-271.7,-271.64,-271.57,-271.51,-271.44,-271.33,-271.16,-271.04,-999,-999,-999,-999,-999,-999,-999,-999,-999,-999,-999,-999,-999,-999,-999,-999,-999,-999,-999,-272.23,-272.15,-272.08,-272.02,-271.96,-271.93,-271.87,-271.81,-271.76,-271.72,-271.68,-271.64,-271.61,-271.57,-271.55,-271.53,-271.47,-271.47,-271.47,-999,-999,-999,-999,-999,-999,-999,-999,-999,-999,-999,-271.88,-271.86,-271.79,-271.69,-271.65,-271.64,-271.62,-271.64,-271.67,-271.7,-271.72,-271.72,-271.72,-271.73,-271.75,-271.77,-271.8,-271.84,-271.88,-271.89,-271.89,-271.85,-271.76,-271.67,-271.57,-999,-999,-999,-272.14,-272.14,-272.11,-272.13,-272.19,-272.35,-272.3,-272.25,-272.22,-272.21,-272.12,-999,-999,-999,-999,-271.94,-999,-271.71,-271.83,-271.88,-271.84,-271.86,-271.89,-271.88,-271.87,-271.87,-271.89,-271.91,-6.25
-8.75,-271.94,-272,-272.05,-272.11,-272.19,-272.29,-272.33,-272.31,-272.3,-272.32,-272.33,-272.34,-272.35,-272.36,-272.36,-272.35,-272.32,-272.29,-272.26,-272.22,-272.2,-272.18,-272.17,-272.15,-272.13,-272.11,-272.08,-272.05,-272.02,-271.97,-271.89,-271.79,-271.69,-271.61,-271.53,-271.46,-271.38,-271.3,-271.25,-271.27,-999,-999,-999,-999,-999,-999,-999,-999,-999,-999,-999,-999,-999,-999,-999,-999,-999,-999,-272.3,-272.28,-272.23,-272.18,-272.12,-272.08,-272.01,-271.93,-271.86,-271.79,-271.75,-271.72,-271.68,-271.65,-271.62,-271.59,-271.53,-271.5,-271.48,-999,-999,-999,-999,-999,-999,-999,-999,-999,-999,-999,-271.84,-271.77,-271.73,-271.69,-271.65,-271.61,-271.58,-271.59,-271.61,-271.63,-271.64,-271.65,-271.67,-271.68,-271.71,-271.74,-271.77,-271.79,-271.8,-271.82,-271.82,-271.81,-271.78,-271.75,-271.73,-271.76,-271.79,-271.76,-271.77,-999,-272.09,-999,-999,-272.2,-272.15,-272.16,-272.2,-272.21,-272.24,-272.26,-999,-272.19,-272.04,-999,-271.81,-271.8,-271.78,-271.75,-271.71,-271.71,-271.74,-271.76,-271.75,-271.77,-271.79,-271.84,-8.75
-11.25,-271.74,-271.83,-271.89,-271.97,-272.05,-272.12,-272.18,-272.21,-272.22,-272.25,-272.27,-272.29,-272.32,-272.32,-272.31,-272.3,-272.28,-272.25,-272.22,-272.18,-272.16,-272.15,-272.14,-272.13,-272.11,-272.1,-272.08,-272.05,-272.03,-271.99,-271.93,-271.82,-271.73,-271.65,-271.57,-271.5,-271.44,-271.4,-271.37,-271.37,-271.43,-999,-999,-999,-999,-999,-999,-999,-999,-999,-999,-999,-999,-999,-999,-999,-999,-272.37,-272.42,-272.42,-272.4,-272.35,-272.27,-272.19,-272.12,-272.05,-271.96,-271.88,-271.81,-271.77,-271.73,-271.69,-271.66,-271.62,-271.59,-271.56,-271.5,-999,-999,-999,-999,-999,-999,-999,-999,-999,-999,-999,-999,-271.69,-271.67,-271.7,-271.69,-271.64,-271.62,-271.62,-271.62,-271.62,-271.62,-271.63,-271.66,-271.69,-271.73,-271.77,-271.8,-271.81,-271.83,-271.84,-271.83,-271.83,-271.84,-271.88,-271.92,-272,-272.08,-272.13,-272.17,-272.21,-272.23,-272.23,-272.24,-272.24,-272.25,-272.31,-999,-272.33,-272.38,-272.29,-272.19,-272.06,-272.04,-271.97,-271.87,-271.87,-271.78,-271.72,-271.69,-271.65,-271.62,-271.58,-271.57,-271.58,-271.59,-271.65,-11.25
-13.75,-271.53,-271.55,-271.62,-271.71,-271.79,-271.84,-271.88,-271.93,-271.99,-272.05,-272.09,-272.15,-272.2,-272.2,-272.2,-272.2,-272.21,-272.2,-272.19,-272.16,-272.12,-272.1,-272.09,-272.08,-272.07,-272.07,-272.07,-272.07,-272.05,-271.99,-271.93,-271.86,-271.76,-271.69,-271.63,-271.56,-271.49,-271.44,-271.39,-271.38,-271.45,-999,-999,-999,-999,-999,-999,-999,-999,-999,-999,-999,-999,-999,-999,-999,-999,-272.46,-272.57,-272.6,-272.59,-272.54,-272.47,-272.38,-272.29,-272.2,-272.12,-272.03,-271.93,-271.86,-271.81,-271.74,-271.71,-271.68,-271.63,-271.56,-271.5,-999,-999,-999,-999,-999,-999,-999,-999,-999,-999,-999,-999,-271.74,-271.72,-999,-271.68,-271.65,-271.64,-271.62,-271.62,-271.61,-271.62,-271.62,-271.63,-271.65,-271.68,-271.72,-271.75,-271.78,-271.83,-271.87,-271.89,-271.9,-271.91,-271.9,-271.91,-271.99,-272.09,-272.14,-272.2,-272.28,-272.31,-272.33,-272.32,-272.28,-999,-272.31,-999,-999,-999,-272.3,-999,-999,-272.03,-271.99,-272.04,-272.06,-271.97,-271.91,-271.83,-271.75,-271.69,-271.62,-271.54,-271.49,-271.48,-271.5,-13.75
-16.25,-271.3,-271.36,-271.38,-271.45,-271.49,-271.51,-271.55,-271.64,-271.72,-271.78,-271.83,-271.91,-272.01,-272.05,-272.08,-272.09,-272.1,-272.11,-272.14,-272.16,-272.14,-272.12,-272.1,-272.08,-272.07,-272.06,-272.07,-272.09,-272.08,-272.05,-272.01,-271.94,-271.87,-271.79,-271.73,-271.67,-271.61,-271.55,-271.47,-271.42,-271.45,-271.59,-999,-999,-999,-999,-999,-999,-999,-999,-999,-999,-999,-999,-999,-999,-999,-272.53,-272.64,-272.67,-272.69,-272.67,-272.62,-272.55,-272.47,-272.39,-272.3,-272.19,-272.08,-272,-271.93,-271.88,-271.83,-271.78,-271.68,-271.52,-271.45,-999,-999,-999,-999,-999,-999,-999,-999,-999,-999,-999,-999,-999,-999,-999,-271.66,-271.65,-271.6,-271.57,-271.55,-271.55,-271.57,-271.6,-271.6,-271.61,-271.62,-271.64,-271.66,-271.69,-271.74,-271.77,-271.81,-271.82,-271.83,-271.85,-271.88,-271.96,-272.05,-272.09,-272.1,-272.15,-272.2,-272.21,-272.22,-999,-999,-999,-999,-999,-999,-272.28,-999,-999,-999,-272.05,-272.03,-272.01,-271.99,-271.96,-271.94,-271.9,-271.81,-271.71,-271.59,-271.47,-271.38,-271.33,-16.25
-18.75,-271.23,-271.22,-271.22,-271.25,-271.28,-271.27,-271.27,-271.31,-271.4,-271.49,-271.54,-271.63,-271.76,-271.88,-271.98,-272.04,-272.1,-272.09,-272.1,-272.13,-272.16,-272.15,-272.14,-272.14,-272.13,-272.12,-272.14,-272.16,-272.19,-272.23,-272.25,-272.23,-272.19,-272.11,-272.02,-271.94,-271.86,-271.76,-271.64,-271.51,-271.43,-271.45,-271.56,-271.68,-999,-999,-999,-999,-999,-999,-999,-999,-999,-999,-999,-999,-272.09,-272.36,-272.57,-272.64,-272.68,-272.67,-272.67,-272.61,-272.53,-272.46,-272.4,-272.34,-272.27,-272.21,-272.14,-272.09,-272.03,-271.94,-271.79,-271.56,-271.4,-999,-999,-999,-999,-999,-999,-999,-999,-999,-999,-271.81,-271.8,-999,-999,-999,-271.64,-271.63,-271.61,-271.58,-271.54,-271.51,-271.51,-271.53,-271.55,-271.57,-271.6,-271.62,-271.65,-271.69,-271.72,-271.74,-271.75,-271.75,-271.74,-271.76,-271.83,-271.93,-272.04,-272.08,-272.08,-272.08,-272.06,-272.04,-999,-999,-999,-999,-999,-999,-999,-999,-999,-999,-999,-272.08,-272.06,-271.97,-271.92,-271.92,-271.91,-271.87,-271.82,-271.76,-271.71,-271.62,-271.45,-271.32,-18.75
-21.25,-271.28,-271.23,-271.19,-271.14,-271.09,-271.06,-271.05,-271.08,-271.14,-271.24,-271.34,-271.42,-271.51,-271.64,-271.8,-271.96,-272.08,-272.13,-272.15,-272.16,-272.2,-272.24,-272.22,-272.17,-272.15,-272.15,-272.17,-272.21,-272.26,-272.33,-272.4,-272.45,-272.47,-272.46,-272.42,-272.34,-272.25,-272.15,-271.99,-271.72,-271.49,-271.34,-271.41,-271.64,-999,-999,-999,-999,-999,-999,-999,-999,-999,-999,-999,-999,-271.73,-272.16,-272.36,-272.46,-272.5,-272.52,-272.54,-272.55,-272.51,-272.46,-272.4,-272.36,-272.34,-272.32,-272.32,-272.28,-272.22,-272.14,-271.99,-271.78,-271.5,-999,-999,-999,-999,-999,-999,-999,-999,-999,-271.77,-271.8,-271.73,-999,-999,-999,-271.64,-271.59,-271.58,-271.57,-271.55,-271.53,-271.51,-271.5,-271.49,-271.51,-271.54,-271.58,-271.63,-271.66,-271.7,-271.73,-271.75,-271.74,-271.72,-271.72,-271.75,-271.84,-271.95,-272.01,-272.01,-271.99,-999,-999,-999,-999,-999,-999,-999,-999,-999,-999,-999,-999,-999,-999,-999,-272.09,-271.93,-271.9,-271.9,-271.89,-271.81,-271.79,-271.75,-271.68,-271.55,-271.39,-21.25
-23.75,-271.43,-271.36,-271.29,-271.21,-271.12,-271.05,-271.01,-271,-271.02,-271.06,-271.13,-271.2,-271.27,-271.39,-271.54,-271.7,-271.85,-271.97,-272.04,-272.12,-272.18,-272.23,-272.26,-272.24,-272.18,-272.15,-272.12,-272.13,-272.18,-272.24,-272.31,-272.41,-272.48,-272.52,-272.54,-272.53,-272.5,-272.42,-272.28,-272.03,-271.72,-271.41,-271.34,-271.51,-999,-999,-999,-999,-999,-999,-999,-999,-999,-999,-271.46,-271.55,-271.52,-271.87,-272.08,-272.23,-272.3,-272.32,-272.34,-272.35,-272.36,-272.35,-272.33,-272.3,-272.29,-272.3,-272.32,-272.32,-272.31,-272.27,-272.17,-272.01,-271.74,-999,-999,-999,-999,-999,-999,-999,-999,-999,-271.82,-271.81,-271.75,-999,-999,-271.64,-271.64,-271.6,-271.57,-271.55,-271.53,-271.52,-271.53,-271.53,-271.52,-271.51,-271.54,-271.58,-271.62,-271.63,-271.64,-271.67,-271.69,-271.7,-271.69,-271.7,-271.71,-271.74,-271.83,-271.9,-271.9,-999,-999,-999,-999,-999,-999,-999,-999,-999,-999,-999,-999,-999,-999,-999,-999,-272.13,-271.99,-271.88,-271.86,-271.82,-271.76,-271.76,-271.74,-271.72,-271.65,-271.54,-23.75
-26.25,-271.55,-271.51,-271.46,-271.4,-271.31,-271.24,-271.14,-271.07,-271.04,-271.06,-271.07,-271.09,-271.12,-271.18,-271.29,-271.43,-271.57,-271.69,-271.81,-271.92,-272.01,-272.08,-272.13,-272.16,-272.18,-272.15,-272.09,-272.05,-272.06,-272.09,-272.15,-272.22,-272.3,-272.37,-272.43,-272.48,-272.52,-272.51,-272.43,-272.27,-271.96,-271.53,-271.29,-271.37,-999,-999,-999,-999,-999,-999,-999,-999,-999,-271.17,-271.17,-271.27,-271.36,-271.53,-271.78,-271.97,-272.09,-272.17,-272.19,-272.19,-272.16,-272.13,-272.14,-272.17,-272.19,-272.2,-272.22,-272.24,-272.27,-272.3,-272.28,-272.2,-272.02,-271.7,-999,-999,-999,-999,-999,-999,-999,-271.86,-272,-271.81,-271.81,-271.9,-271.88,-271.67,-271.64,-271.62,-271.59,-271.57,-271.55,-271.55,-271.56,-271.58,-271.59,-271.58,-271.59,-271.61,-271.61,-271.6,-271.59,-271.58,-271.59,-271.61,-271.61,-271.62,-271.63,-271.66,-271.72,-271.75,-271.77,-999,-999,-999,-999,-999,-999,-999,-999,-999,-999,-999,-999,-999,-999,-999,-999,-999,-272.07,-271.94,-271.87,-271.82,-271.77,-271.72,-271.72,-271.72,-271.68,-271.61,-26.25
-28.75,-271.59,-271.54,-271.49,-271.43,-271.36,-271.29,-271.23,-271.15,-271.07,-271.05,-271.06,-271.06,-271.06,-271.09,-271.14,-271.2,-271.33,-271.47,-271.58,-271.69,-271.77,-271.84,-271.93,-271.97,-272.01,-272.04,-272.04,-272.01,-271.98,-271.98,-271.99,-272.02,-272.07,-272.12,-272.21,-272.3,-272.37,-272.42,-272.43,-272.37,-272.12,-271.67,-271.32,-999,-999,-999,-999,-999,-999,-999,-999,-999,-999,-270.98,-271.03,-271.09,-271.13,-271.28,-271.49,-271.66,-271.85,-271.98,-272.06,-272.11,-272.11,-272.1,-272.1,-272.1,-272.08,-272.04,-272.05,-272.09,-272.15,-272.21,-272.27,-272.28,-272.23,-272.08,-999,-999,-999,-999,-999,-999,-999,-271.96,-272.04,-271.87,-271.8,-271.86,-271.85,-271.74,-271.66,-271.63,-271.63,-271.62,-271.58,-271.58,-271.59,-271.61,-271.61,-271.61,-271.64,-271.67,-271.65,-271.61,-271.57,-271.53,-271.52,-271.51,-271.51,-271.51,-271.53,-271.58,-271.68,-271.71,-271.69,-999,-999,-999,-999,-999,-999,-999,-999,-999,-999,-999,-999,-999,-999,-999,-999,-999,-272.1,-271.96,-271.88,-271.82,-271.76,-271.72,-271.74,-271.73,-271.69,-271.65,-28.75
-31.25,-271.51,-271.46,-271.43,-271.39,-271.31,-271.23,-271.19,-271.16,-271.09,-271.02,-270.99,-271.01,-271.05,-271.09,-271.11,-271.13,-271.18,-271.3,-271.44,-271.56,-271.67,-271.74,-271.84,-271.91,-271.97,-272,-272,-272.01,-271.99,-271.93,-271.9,-271.9,-271.92,-271.95,-271.97,-272.05,-272.12,-272.2,-272.3,-272.35,-272.24,-271.82,-271.38,-999,-999,-999,-999,-999,-999,-999,-999,-999,-270.99,-270.96,-271.07,-271.05,-271.1,-271.24,-271.41,-271.54,-271.68,-271.82,-271.95,-272.06,-272.16,-272.2,-272.2,-272.15,-272.06,-271.98,-271.98,-272.03,-272.07,-272.13,-272.19,-272.26,-272.27,-272.22,-272.1,-999,-999,-999,-999,-999,-999,-271.93,-271.64,-271.78,-271.82,-271.82,-271.83,-271.8,-271.7,-271.63,-271.64,-271.67,-271.68,-271.67,-271.63,-271.61,-271.59,-271.56,-271.53,-271.54,-271.52,-271.48,-271.47,-271.47,-271.44,-271.42,-271.42,-271.44,-271.47,-271.55,-271.65,-271.69,-271.68,-271.72,-999,-999,-999,-999,-999,-999,-999,-999,-999,-999,-999,-999,-999,-999,-999,-999,-272.07,-271.93,-271.86,-271.8,-271.72,-271.69,-271.72,-271.72,-271.66,-271.58,-31.25
-33.75,-271.51,-271.45,-271.39,-271.35,-271.3,-271.24,-271.16,-271.09,-271.03,-270.99,-271.01,-271.03,-271.06,-271.12,-271.18,-271.24,-271.28,-271.34,-271.44,-271.57,-271.71,-271.8,-271.85,-271.92,-271.98,-272.02,-272.02,-272.01,-272.01,-271.95,-271.89,-271.87,-271.87,-271.88,-271.9,-271.92,-271.95,-272.02,-272.15,-272.27,-272.27,-271.85,-271.32,-999,-999,-999,-999,-999,-999,-999,-999,-271.02,-270.9,-271.12,-271.12,-271.06,-271.06,-271.19,-271.38,-271.55,-271.73,-271.88,-272.03,-272.17,-272.25,-272.25,-272.17,-272.09,-272.02,-271.98,-272.02,-272.08,-272.1,-272.12,-272.19,-272.24,-272.25,-272.24,-272.2,-999,-999,-999,-999,-272.17,-272.12,-271.84,-271.69,-271.74,-271.75,-271.71,-271.71,-271.75,-271.71,-271.67,-271.66,-271.63,-271.62,-271.62,-271.63,-271.62,-271.61,-271.56,-271.47,-271.35,-271.31,-271.28,-271.28,-271.29,-271.3,-271.27,-271.28,-271.32,-271.43,-271.56,-271.69,-271.75,-271.79,-271.82,-999,-999,-999,-999,-272.2,-272.14,-272,-271.84,-999,-999,-999,-999,-999,-999,-999,-271.93,-271.97,-271.8,-271.69,-271.64,-271.56,-271.49,-271.61,-271.67,-271.69,-271.59,-33.75
-36.25,-271.63,-271.5,-271.39,-271.32,-271.26,-271.17,-271.06,-270.99,-270.95,-270.97,-271.01,-271.06,-271.1,-271.19,-271.28,-271.37,-271.46,-271.52,-271.58,-271.68,-271.82,-271.92,-271.95,-271.93,-271.92,-271.93,-271.96,-271.96,-271.99,-271.97,-271.96,-271.96,-271.94,-271.94,-271.95,-271.95,-271.96,-271.99,-272.07,-272.17,-272.23,-271.98,-271.45,-999,-999,-999,-999,-999,-999,-271,-271.01,-270.9,-271.09,-271.17,-271.16,-271.15,-271.14,-271.24,-271.38,-271.54,-271.72,-271.91,-272.06,-272.17,-272.2,-272.13,-272.05,-272.02,-272.05,-272.08,-272.16,-272.2,-272.2,-272.21,-272.24,-272.21,-272.21,-272.26,-272.3,-272.28,-272.3,-272.35,-272.38,-272.34,-272.14,-271.91,-271.78,-271.69,-271.58,-271.5,-271.5,-271.52,-271.55,-271.53,-271.53,-271.52,-271.52,-271.51,-271.49,-271.5,-271.5,-271.45,-271.38,-271.31,-271.23,-271.19,-271.2,-271.21,-271.21,-271.19,-271.21,-271.27,-271.4,-271.56,-271.69,-271.76,-271.83,-271.87,-271.93,-271.99,-272.07,-272.12,-272.11,-272.08,-271.99,-271.87,-271.77,-999,-999,-999,-999,-999,-271.65,-271.77,-271.65,-271.58,-271.5,-271.48,-271.47,-271.42,-271.42,-999,-999,-271.63,-36.25
-38.75,-271.68,-271.56,-271.41,-271.32,-271.24,-271.15,-271.01,-270.9,-270.85,-270.86,-270.93,-271.02,-271.11,-271.22,-271.37,-271.55,-271.69,-271.77,-271.81,-271.88,-271.99,-272.07,-272.12,-272.09,-271.99,-271.93,-271.92,-271.91,-271.96,-272.01,-272.03,-272.07,-272.08,-272.05,-272.04,-272.04,-272.03,-272.03,-272.07,-272.12,-272.16,-272.06,-999,-999,-999,-999,-999,-999,-999,-270.89,-270.89,-271,-271.06,-271.07,-271.11,-271.14,-271.19,-271.26,-271.33,-271.42,-271.53,-271.65,-271.78,-271.91,-271.98,-272.02,-272.01,-272.01,-272.07,-272.14,-272.26,-272.31,-272.31,-272.36,-272.44,-272.45,-272.49,-272.6,-272.57,-272.57,-272.57,-272.56,-272.47,-272.39,-272.27,-272.09,-271.95,-271.88,-271.79,-271.62,-271.5,-271.45,-271.41,-271.4,-271.4,-271.38,-271.4,-271.41,-271.36,-271.37,-271.4,-271.37,-271.28,-271.25,-271.23,-271.22,-271.2,-271.22,-271.25,-271.26,-271.26,-271.28,-271.34,-271.46,-271.55,-271.61,-271.66,-271.71,-271.78,-271.84,-271.85,-271.86,-271.9,-271.95,-271.97,-271.93,-271.84,-271.74,-271.68,-271.62,-999,-271.42,-271.39,-271.44,-271.41,-271.41,-271.39,-271.37,-271.31,-271.24,-271.15,-999,-999,-271.57,-38.75
-41.25,-271.53,-271.46,-271.41,-271.33,-271.22,-271.11,-271.04,-270.95,-270.89,-270.89,-270.95,-271.01,-271.1,-271.25,-271.43,-271.63,-271.8,-271.91,-271.99,-272.07,-272.17,-272.26,-272.3,-272.24,-272.13,-272.07,-272.05,-272.08,-272.14,-272.17,-272.16,-272.19,-272.21,-272.17,-272.12,-272.08,-272.07,-272.03,-272.03,-272.05,-272.11,-272.07,-999,-999,-999,-999,-999,-271.21,-270.75,-270.84,-270.89,-271.04,-271.03,-271.07,-271.09,-271.14,-271.19,-271.27,-271.33,-271.31,-271.34,-271.36,-271.34,-271.33,-271.28,-271.27,-271.97,-271.99,-271.95,-271.99,-272.06,-272.13,-272.27,-272.43,-272.41,-272.36,-272.34,-272.47,-272.46,-272.29,-272.23,-272.19,-272.17,-272.19,-272.21,-272.02,-271.78,-271.74,-272.04,-272.03,-271.84,-271.71,-271.71,-271.69,-271.63,-271.48,-271.39,-271.36,-271.32,-271.24,-271.28,-271.34,-271.3,-271.27,-271.27,-271.31,-271.31,-271.32,-271.37,-271.42,-271.41,-271.43,-271.46,-271.49,-271.52,-271.55,-271.6,-271.65,-271.7,-271.76,-271.79,-271.78,-271.8,-271.81,-271.81,-271.78,-271.74,-271.68,-271.58,-271.45,-999,-271.31,-271.15,-271.18,-271.21,-271.26,-271.27,-271.25,-271.15,-271.02,-270.96,-999,-999,-271.56,-41.25
-43.75,-271.03,-271.04,-271.24,-271.28,-271.18,-271.07,-271.03,-271.02,-271.02,-271.03,-271.08,-271.15,-271.23,-271.33,-271.45,-271.62,-271.78,-271.91,-272.05,-272.19,-272.31,-272.43,-272.49,-272.45,-272.34,-272.24,-272.18,-272.2,-272.24,-272.27,-272.29,-272.27,-272.26,-272.24,-272.18,-272.14,-272.1,-272.06,-272.02,-272.01,-272.04,-272.02,-271.83,-999,-999,-999,-271.62,-271.61,-271.69,-270.88,-270.84,-271.17,-271.18,-271.21,-271.33,-271.28,-271.31,-271.33,-271.44,-271.43,-271.42,-271.5,-271.37,-271.15,-270.87,-270.54,-271.11,-271.77,-271.74,-271.73,-271.74,-271.71,-271.8,-272.01,-272.22,-272.27,-272.23,-272.26,-272.14,-272.05,-272.03,-272,-272.02,-271.99,-271.88,-271.67,-271.57,-271.59,-271.8,-271.95,-271.82,-271.56,-271.5,-271.59,-271.93,-271.85,-271.68,-271.63,-271.57,-271.32,-271.25,-271.33,-271.3,-271.33,-271.34,-271.37,-271.44,-271.47,-271.49,-271.55,-271.61,-271.63,-271.63,-271.64,-271.64,-271.64,-271.66,-271.7,-271.74,-271.78,-271.81,-271.81,-271.81,-271.82,-271.82,-271.75,-271.64,-271.54,-271.42,-271.33,-271.21,-271.11,-271.12,-271.19,-271.19,-271.22,-271.21,-271.11,-270.98,-999,-999,-271.13,-271.12,-271.09,-43.75
-46.25,-270.76,-270.86,-270.98,-271.06,-271.07,-271.04,-271.04,-271.07,-271.11,-271.16,-271.2,-271.23,-271.33,-271.41,-271.49,-271.58,-271.67,-271.79,-271.94,-272.07,-272.24,-272.41,-272.51,-272.56,-272.55,-272.47,-272.36,-272.31,-272.3,-272.33,-272.34,-272.32,-272.31,-272.33,-272.26,-272.2,-272.14,-272.09,-272.03,-272.01,-272.06,-272.06,-999,-999,-999,-271.7,-271.69,-271.82,-272.04,-271.9,-271.72,-271.67,-271.6,-271.6,-271.65,-271.61,-271.69,-271.69,-271.77,-271.81,-271.78,-271.84,-271.74,-271.66,-271.27,-270.94,-270.76,-270.89,-271.17,-271.23,-271.36,-271.54,-271.49,-271.51,-271.7,-271.84,-272.08,-272.12,-272.05,-271.96,-271.95,-271.9,-271.89,-271.81,-271.65,-271.53,-271.52,-271.6,-271.67,-271.66,-271.6,-271.51,-271.45,-271.57,-271.92,-271.86,-271.54,-271.28,-271.14,-271.15,-271.13,-271.15,-271.23,-271.27,-271.36,-271.47,-271.57,-271.62,-271.59,-271.55,-271.61,-271.67,-271.69,-271.7,-271.69,-271.71,-271.74,-271.77,-271.79,-271.8,-271.81,-271.84,-271.85,-271.83,-271.79,-271.79,-271.79,-271.75,-271.64,-271.5,-271.38,-271.33,-271.39,-271.41,-271.41,-271.38,-271.31,-271.12,-270.94,-999,-999,-271.05,-271.01,-270.91,-46.25
-48.75,-271.04,-271.15,-271.43,-271.43,-271.34,-271.23,-271.28,-271.35,-271.29,-271.28,-271.34,-271.47,-271.55,-271.6,-271.64,-271.67,-271.69,-271.76,-271.8,-271.91,-272.06,-272.19,-272.34,-272.44,-272.47,-272.5,-272.48,-272.38,-272.35,-272.37,-272.36,-272.32,-272.3,-272.31,-272.29,-272.27,-272.24,-272.2,-272.11,-272.06,-272.1,-272.13,-999,-999,-999,-999,-271.8,-271.91,-272.02,-272.1,-272.11,-272,-272,-272.02,-271.97,-271.97,-271.93,-271.93,-271.93,-271.92,-271.88,-271.87,-271.81,-271.73,-271.58,-271.28,-271.05,-270.99,-271.5,-271.46,-271.18,-271.32,-271.33,-271.39,-271.48,-271.52,-271.83,-271.85,-271.99,-271.95,-271.96,-271.91,-271.83,-271.82,-271.74,-271.64,-271.51,-271.53,-271.65,-271.77,-271.85,-271.79,-271.69,-271.66,-271.79,-271.8,-271.23,-271.04,-271.17,-271.21,-271.23,-271.21,-271.31,-271.56,-271.68,-271.7,-271.76,-271.74,-271.65,-271.61,-271.64,-271.62,-271.58,-271.58,-271.64,-271.66,-271.72,-271.81,-271.84,-271.85,-271.88,-271.92,-271.91,-271.86,-271.78,-271.73,-271.8,-271.94,-272.02,-271.93,-271.85,-271.82,-271.78,-271.74,-271.7,-271.64,-271.56,-271.42,-271.33,-271.42,-271.43,-271.42,-271.33,-271.24,-48.75
-51.25,-271.76,-271.73,-271.79,-271.83,-271.81,-271.83,-271.94,-271.97,-271.95,-271.9,-271.92,-271.97,-272.09,-272.17,-272.16,-272.13,-272,-271.92,-271.82,-271.87,-272,-272.08,-272.18,-272.27,-272.3,-272.32,-272.41,-272.39,-272.36,-272.36,-272.34,-272.28,-272.3,-272.31,-272.29,-272.3,-272.32,-272.32,-272.29,-272.23,-272.22,-272.22,-999,-999,-999,-271.9,-271.97,-272,-999,-272.13,-272.24,-272.27,-272.2,-272.11,-272.05,-272.02,-271.95,-271.98,-271.98,-271.96,-271.94,-271.9,-271.83,-271.83,-271.88,-271.84,-271.65,-271.39,-271.7,-271.9,-271.74,-271.76,-271.7,-271.67,-271.64,-271.6,-271.52,-271.8,-271.9,-271.86,-271.88,-271.81,-271.62,-271.61,-271.65,-271.62,-271.52,-271.58,-271.71,-271.79,-271.83,-271.78,-271.79,-271.8,-271.82,-271.78,-271.45,-271.18,-271.15,-271.16,-271.17,-271.22,-271.28,-271.49,-271.7,-271.88,-271.92,-271.94,-271.76,-271.77,-271.82,-271.79,-271.74,-271.69,-271.67,-271.67,-271.7,-271.77,-271.86,-271.91,-271.98,-272,-271.96,-271.93,-271.92,-271.91,-271.91,-271.94,-272.05,-272.07,-272.05,-272.09,-272.08,-272.03,-271.95,-271.88,-271.83,-271.76,-271.78,-271.83,-271.89,-271.97,-271.95,-271.83,-51.25
-53.75,-272.11,-272.08,-272.07,-272.09,-272.11,-272.14,-272.25,-272.35,-272.39,-272.42,-272.38,-272.34,-272.39,-272.45,-272.43,-272.33,-272.29,-272.3,-272.26,-272.11,-272.05,-272.11,-272.18,-272.23,-272.28,-272.39,-272.44,-272.4,-272.34,-272.35,-272.34,-272.29,-272.31,-272.31,-272.31,-272.36,-272.4,-272.44,-272.46,-272.46,-272.44,-272.36,-272.3,-999,-999,-999,-272.23,-272.2,-272.24,-272.31,-272.36,-272.37,-272.34,-272.26,-272.13,-272.05,-272.02,-272.03,-272.01,-271.96,-271.93,-271.91,-271.87,-271.89,-271.95,-272.01,-272.01,-271.95,-271.98,-272.05,-272.05,-272.05,-272.01,-271.98,-271.98,-271.91,-271.81,-271.86,-271.89,-271.89,-271.9,-271.86,-271.74,-271.6,-271.62,-271.59,-271.54,-271.62,-271.72,-271.76,-271.76,-271.75,-271.75,-271.78,-271.81,-271.8,-271.65,-271.42,-271.24,-271.1,-270.98,-270.85,-270.62,-270.88,-271.14,-271.08,-271.43,-271.6,-271.64,-271.63,-271.59,-271.68,-271.8,-271.77,-271.74,-271.76,-271.78,-271.89,-272.02,-272.04,-272.04,-272.04,-272.02,-272.02,-272.03,-272.03,-272.01,-271.99,-271.96,-271.97,-272.03,-272.19,-272.21,-272.15,-272.06,-271.98,-272.01,-272.05,-271.95,-271.99,-272.05,-272.11,-272.15,-272.13,-53.75
-56.25,-272.3,-272.28,-272.27,-272.3,-272.36,-272.38,-272.43,-272.48,-272.5,-272.5,-272.52,-272.52,-272.52,-272.51,-272.49,-272.47,-272.48,-272.47,-272.37,-272.33,-272.23,-272.17,-272.21,-272.27,-272.34,-272.43,-272.49,-272.49,-272.43,-272.39,-272.39,-272.43,-272.45,-272.44,-272.45,-272.47,-272.49,-272.51,-272.53,-272.54,-272.56,-272.58,-272.5,-272.43,-272.41,-272.43,-272.32,-272.32,-272.35,-272.38,-272.44,-272.47,-272.4,-272.37,-272.3,-272.23,-272.21,-272.19,-272.16,-272.07,-272,-271.95,-271.93,-271.98,-272.02,-272.08,-272.14,-272.17,-272.14,-272.1,-272.09,-272.06,-272.04,-271.99,-271.94,-271.87,-271.84,-271.84,-271.85,-271.85,-271.85,-271.75,-271.6,-271.56,-271.63,-271.62,-271.58,-271.63,-271.72,-271.76,-271.74,-271.74,-271.77,-271.79,-271.82,-271.8,-271.68,-271.49,-271.26,-271.02,-270.82,-270.75,-270.93,-271.25,-271.42,-271.24,-271.22,-271.33,-271.53,-271.65,-271.6,-271.59,-271.7,-271.81,-271.9,-271.95,-272.02,-272.09,-272.06,-272.04,-272.04,-272.01,-272,-272.04,-272.07,-272.08,-272.08,-272.06,-272.05,-272.06,-272.1,-272.25,-272.24,-272.2,-272.16,-272.12,-272.25,-272.42,-272.42,-272.37,-272.32,-272.31,-272.33,-272.32,-56.25
-58.75,-272.48,-272.46,-272.42,-272.42,-272.41,-272.41,-272.43,-272.46,-272.46,-272.45,-272.52,-272.61,-272.67,-272.64,-272.57,-272.52,-272.46,-272.36,-272.23,-272.21,-272.26,-272.33,-272.41,-272.47,-272.53,-272.6,-272.65,-272.66,-272.62,-272.59,-272.6,-272.62,-272.62,-272.61,-272.61,-272.6,-272.58,-272.55,-272.54,-272.53,-272.53,-272.52,-272.48,-272.37,-272.21,-272.02,-272.11,-272.26,-272.34,-272.39,-272.37,-272.32,-272.26,-272.26,-272.29,-272.33,-272.35,-272.34,-272.32,-272.3,-272.3,-272.22,-272.12,-272.28,-272.31,-272.31,-272.29,-272.25,-272.21,-272.16,-272.1,-272.03,-271.96,-271.87,-271.75,-271.62,-271.52,-271.51,-271.59,-271.63,-271.61,-271.61,-271.64,-271.66,-271.65,-271.67,-271.71,-271.77,-271.81,-271.82,-271.82,-271.81,-271.8,-271.81,-271.83,-271.83,-271.78,-271.62,-271.34,-270.92,-270.8,-271.53,-271.84,-271.78,-271.91,-271.98,-271.95,-271.81,-271.86,-271.87,-271.84,-271.8,-271.82,-271.92,-271.98,-272,-271.99,-271.95,-271.92,-271.89,-271.85,-271.88,-271.92,-271.92,-271.97,-272.05,-272.1,-272.1,-272.11,-272.1,-272.13,-272.34,-272.47,-272.41,-272.39,-272.34,-272.31,-272.38,-272.41,-272.48,-272.53,-272.55,-272.54,-272.49,-58.75
-61.25,-272.6,-272.55,-272.46,-272.43,-272.42,-272.38,-272.36,-272.37,-272.41,-272.51,-272.63,-272.73,-272.81,-272.85,-272.8,-272.67,-272.59,-272.65,-272.75,-272.87,-272.99,-273,-273,-272.95,-272.91,-272.92,-272.92,-272.87,-272.86,-272.84,-272.8,-272.75,-272.7,-272.67,-272.65,-272.62,-272.56,-272.5,-272.45,-272.39,-272.36,-272.33,-272.24,-272.11,-271.94,-271.78,-271.79,-271.88,-271.97,-272.15,-272.34,-272.41,-272.41,-272.45,-272.52,-272.57,-272.59,-272.61,-272.64,-272.67,-272.68,-272.69,-272.65,-272.61,-272.57,-272.55,-272.52,-272.45,-272.41,-272.37,-272.28,-272.16,-272.03,-271.88,-271.72,-271.57,-271.46,-271.36,-271.31,-271.33,-271.39,-271.51,-271.59,-271.64,-271.71,-271.8,-271.88,-271.93,-271.93,-271.91,-271.86,-271.8,-271.78,-271.82,-271.86,-271.85,-271.73,-271.49,-271.14,-270.86,-271.09,-271.76,-272.25,-272.45,-272.54,-272.6,-272.67,-272.58,-272.46,-272.38,-272.33,-272.28,-272.22,-272.16,-272.11,-272.03,-271.93,-271.84,-271.78,-271.71,-271.66,-271.67,-271.72,-271.78,-271.86,-271.93,-271.99,-272.04,-272.13,-272.22,-272.25,-272.36,-272.68,-272.75,-272.74,-272.69,-272.56,-272.46,-272.42,-272.42,-272.5,-272.56,-272.6,-272.61,-61.25
-63.75,-272.38,-272.41,-272.49,-272.56,-272.6,-272.62,-272.63,-272.68,-272.76,-272.85,-272.94,-273.04,-273.12,-273.09,-272.99,-272.92,-272.96,-273.06,-273.18,-273.31,-273.38,-273.35,-273.33,-273.27,-273.2,-273.17,-273.11,-273.05,-273,-272.93,-272.81,-272.7,-272.66,-272.65,-272.63,-272.57,-272.51,-272.46,-272.42,-272.36,-272.28,-272.2,-272.1,-271.98,-271.83,-271.68,-999,-999,-999,-999,-272.74,-272.76,-272.77,-272.79,-272.8,-272.82,-272.83,-272.84,-272.85,-272.85,-272.82,-272.8,-272.79,-272.78,-272.76,-272.73,-272.7,-272.65,-272.61,-272.56,-272.5,-272.43,-272.34,-272.24,-272.1,-271.97,-271.84,-271.71,-271.63,-271.54,-271.52,-271.55,-271.6,-271.66,-271.75,-271.85,-271.91,-271.94,-271.95,-271.94,-271.93,-271.97,-272.05,-272.12,-272.15,-272.09,-271.99,-271.94,-271.93,-271.92,-271.93,-272.08,-272.31,-272.53,-272.66,-272.73,-272.77,-272.77,-272.75,-272.73,-272.71,-272.69,-272.66,-272.63,-272.61,-272.54,-272.47,-272.44,-272.41,-272.35,-272.29,-272.25,-272.27,-272.3,-272.31,-272.37,-272.49,-272.55,-272.58,-272.63,-272.7,-272.83,-272.96,-272.99,-272.96,-272.91,-272.83,-272.71,-272.57,-272.4,-272.29,-272.25,-272.32,-272.39,-63.75
-66.25,-272.75,-272.78,-272.83,-272.89,-272.94,-272.99,-273.04,-273.09,-273.14,-273.18,-273.24,-273.32,-273.38,-273.37,-273.28,-273.19,-273.13,-273.16,-273.21,-273.25,-273.25,-273.21,-273.18,-273.17,-273.17,-273.18,-273.19,-273.15,-273.03,-272.91,-272.81,-272.72,-272.65,-272.6,-272.56,-272.56,-272.55,-272.51,-272.44,-272.37,-272.28,-272.18,-272.05,-271.97,-271.93,-999,-999,-999,-272.63,-272.71,-272.79,-272.85,-272.89,-272.93,-272.95,-272.94,-272.93,-272.93,-272.93,-272.9,-272.87,-272.85,-272.84,-272.84,-272.82,-272.79,-272.77,-272.76,-272.74,-272.71,-272.69,-272.66,-272.62,-272.56,-272.47,-272.38,-272.3,-272.24,-272.16,-272.06,-271.96,-271.9,-271.88,-271.88,-271.91,-272.03,-272.13,-272.12,-272.17,-272.26,-272.35,-272.44,-999,-999,-999,-272.76,-272.73,-272.74,-272.74,-272.7,-272.68,-272.68,-272.71,-272.76,-272.8,-272.82,-999,-999,-272.88,-999,-999,-999,-999,-999,-999,-999,-999,-999,-999,-272.71,-272.73,-272.76,-999,-272.83,-999,-999,-999,-272.94,-272.94,-272.93,-272.94,-272.93,-272.93,-272.95,-272.99,-273.01,-272.99,-272.95,-272.91,-272.86,-272.84,-272.81,-272.79,-272.77,-66.25
-68.75,-272.94,-272.94,-272.95,-272.98,-273.02,-273.06,-273.1,-273.12,-273.15,-273.2,-273.24,-273.26,-273.28,-273.28,-273.27,-273.25,-273.23,-273.22,-273.21,-273.18,-273.15,-273.12,-273.09,-273.05,-273,-272.97,-272.95,-272.9,-272.84,-272.77,-272.72,-272.67,-272.61,-272.56,-272.53,-272.54,-272.59,-272.62,-272.59,-272.5,-272.35,-272.24,-272.22,-999,-999,-999,-999,-999,-272.74,-272.8,-272.88,-272.92,-272.95,-272.99,-273.01,-273.01,-273.01,-272.99,-272.96,-272.93,-272.89,-272.87,-272.84,-272.8,-272.75,-272.72,-272.71,-272.69,-272.67,-272.65,-272.63,-272.61,-272.59,-272.57,-272.54,-272.5,-272.45,-999,-999,-272.26,-272.18,-272.1,-272.03,-999,-999,-999,-999,-999,-999,-999,-999,-999,-999,-999,-999,-999,-999,-999,-999,-999,-999,-999,-999,-999,-999,-999,-999,-999,-999,-999,-999,-999,-999,-999,-999,-999,-999,-999,-999,-999,-999,-999,-999,-999,-999,-999,-999,-999,-999,-999,-999,-999,-999,-999,-999,-999,-273.07,-273.12,-273.15,-273.16,-273.12,-273.04,-272.97,-272.94,-68.75
-71.25,-272.92,-272.9,-272.91,-272.93,-272.95,-272.96,-272.96,-272.97,-272.98,-273.01,-273.03,-273.05,-273.06,-273.07,-273.08,-273.1,-273.1,-273.06,-273.01,-272.94,-272.9,-272.89,-272.89,-272.91,-272.95,-272.98,-273.01,-273.02,-273.03,-273.04,-273.05,-272.93,-999,-272.82,-272.77,-272.68,-272.64,-272.63,-272.59,-272.53,-272.48,-999,-999,-999,-999,-999,-999,-999,-272.96,-272.93,-272.96,-273,-273.03,-273.06,-273.07,-273.06,-273.03,-272.99,-272.93,-272.87,-272.82,-272.78,-272.73,-272.68,-272.66,-272.66,-272.67,-999,-999,-999,-999,-999,-999,-999,-999,-999,-999,-999,-999,-999,-999,-999,-999,-999,-999,-999,-999,-999,-999,-999,-999,-999,-999,-999,-999,-999,-999,-999,-999,-999,-999,-999,-999,-999,-999,-999,-999,-999,-999,-999,-999,-999,-999,-999,-999,-999,-999,-999,-999,-999,-999,-999,-999,-999,-999,-999,-999,-999,-999,-999,-999,-999,-999,-999,-999,-999,-999,-999,-999,-999,-273.15,-273.08,-273.02,-272.97,-71.25
-73.75,-272.9,-272.8,-272.78,-272.8,-272.81,-272.82,-272.82,-272.82,-272.82,-272.82,-272.82,-272.82,-272.82,-272.82,-272.83,-272.85,-272.89,-272.95,-999,-999,-999,-999,-999,-999,-999,-999,-999,-999,-273.25,-273.27,-273.27,-999,-999,-999,-999,-999,-999,-999,-999,-999,-999,-999,-999,-999,-999,-999,-999,-999,-273.01,-273.02,-273.03,-273.05,-273.05,-273.03,-273.01,-272.99,-272.95,-272.91,-272.87,-272.84,-272.81,-272.78,-999,-999,-999,-999,-999,-999,-999,-999,-999,-999,-999,-999,-999,-999,-999,-999,-999,-999,-999,-999,-999,-999,-999,-999,-999,-999,-999,-999,-999,-999,-999,-999,-999,-999,-999,-999,-999,-999,-999,-999,-999,-999,-999,-999,-999,-999,-999,-999,-999,-999,-999,-999,-999,-999,-999,-999,-999,-999,-999,-999,-999,-999,-999,-999,-999,-999,-999,-999,-999,-999,-999,-999,-999,-999,-999,-999,-999,-999,-273.03,-273.02,-272.99,-272.96,-73.75
-76.25,-272.71,-272.61,-272.59,-272.6,-272.64,-272.67,-272.69,-272.7,-272.7,-272.71,-272.71,-272.73,-999,-999,-999,-999,-999,-999,-999,-999,-999,-999,-999,-999,-999,-999,-999,-999,-999,-999,-999,-999,-999,-999,-999,-999,-999,-999,-999,-999,-999,-999,-999,-999,-999,-999,-999,-999,-999,-999,-999,-999,-273.1,-273.08,-273.06,-273.03,-273,-272.97,-272.93,-272.88,-999,-999,-999,-999,-999,-999,-999,-999,-999,-999,-999,-999,-999,-999,-999,-999,-999,-999,-999,-999,-999,-999,-999,-999,-999,-999,-999,-999,-999,-999,-999,-999,-999,-999,-999,-999,-999,-999,-999,-999,-999,-999,-999,-999,-999,-999,-999,-999,-999,-999,-999,-999,-999,-999,-999,-999,-999,-999,-999,-999,-999,-999,-999,-999,-999,-999,-999,-999,-999,-999,-999,-999,-999,-999,-999,-999,-999,-999,-272.92,-272.92,-272.93,-272.91,-272.87,-272.8,-76.25
-78.75,-999,-999,-999,-999,-999,-999,-999,-999,-999,-999,-999,-999,-999,-999,-999,-999,-999,-999,-999,-999,-999,-999,-999,-999,-999,-999,-999,-999,-999,-999,-999,-999,-999,-999,-999,-999,-999,-999,-999,-999,-999,-999,-999,-999,-999,-999,-999,-999,-999,-999,-999,-999,-999,-999,-999,-999,-999,-999,-999,-999,-999,-999,-999,-999,-999,-999,-999,-999,-999,-999,-999,-999,-999,-999,-999,-999,-999,-999,-999,-999,-999,-999,-999,-999,-999,-999,-999,-999,-999,-999,-999,-999,-999,-999,-999,-999,-999,-999,-999,-999,-999,-999,-999,-999,-999,-999,-999,-999,-999,-999,-999,-999,-999,-999,-999,-999,-999,-999,-999,-999,-999,-999,-999,-999,-999,-999,-999,-999,-999,-999,-999,-999,-999,-999,-999,-999,-999,-999,-999,-999,-999,-999,-999,-999,-78.75
-81.25,-999,-999,-999,-999,-999,-999,-999,-999,-999,-999,-999,-999,-999,-999,-999,-999,-999,-999,-999,-999,-999,-999,-999,-999,-999,-999,-999,-999,-999,-999,-999,-999,-999,-999,-999,-999,-999,-999,-999,-999,-999,-999,-999,-999,-999,-999,-999,-999,-999,-999,-999,-999,-999,-999,-999,-999,-999,-999,-999,-999,-999,-999,-999,-999,-999,-999,-999,-999,-999,-999,-999,-999,-999,-999,-999,-999,-999,-999,-999,-999,-999,-999,-999,-999,-999,-999,-999,-999,-999,-999,-999,-999,-999,-999,-999,-999,-999,-999,-999,-999,-999,-999,-999,-999,-999,-999,-999,-999,-999,-999,-999,-999,-999,-999,-999,-999,-999,-999,-999,-999,-999,-999,-999,-999,-999,-999,-999,-999,-999,-999,-999,-999,-999,-999,-999,-999,-999,-999,-999,-999,-999,-999,-999,-999,-81.25
-83.75,-999,-999,-999,-999,-999,-999,-999,-999,-999,-999,-999,-999,-999,-999,-999,-999,-999,-999,-999,-999,-999,-999,-999,-999,-999,-999,-999,-999,-999,-999,-999,-999,-999,-999,-999,-999,-999,-999,-999,-999,-999,-999,-999,-999,-999,-999,-999,-999,-999,-999,-999,-999,-999,-999,-999,-999,-999,-999,-999,-999,-999,-999,-999,-999,-999,-999,-999,-999,-999,-999,-999,-999,-999,-999,-999,-999,-999,-999,-999,-999,-999,-999,-999,-999,-999,-999,-999,-999,-999,-999,-999,-999,-999,-999,-999,-999,-999,-999,-999,-999,-999,-999,-999,-999,-999,-999,-999,-999,-999,-999,-999,-999,-999,-999,-999,-999,-999,-999,-999,-999,-999,-999,-999,-999,-999,-999,-999,-999,-999,-999,-999,-999,-999,-999,-999,-999,-999,-999,-999,-999,-999,-999,-999,-999,-83.75
-86.25,-999,-999,-999,-999,-999,-999,-999,-999,-999,-999,-999,-999,-999,-999,-999,-999,-999,-999,-999,-999,-999,-999,-999,-999,-999,-999,-999,-999,-999,-999,-999,-999,-999,-999,-999,-999,-999,-999,-999,-999,-999,-999,-999,-999,-999,-999,-999,-999,-999,-999,-999,-999,-999,-999,-999,-999,-999,-999,-999,-999,-999,-999,-999,-999,-999,-999,-999,-999,-999,-999,-999,-999,-999,-999,-999,-999,-999,-999,-999,-999,-999,-999,-999,-999,-999,-999,-999,-999,-999,-999,-999,-999,-999,-999,-999,-999,-999,-999,-999,-999,-999,-999,-999,-999,-999,-999,-999,-999,-999,-999,-999,-999,-999,-999,-999,-999,-999,-999,-999,-999,-999,-999,-999,-999,-999,-999,-999,-999,-999,-999,-999,-999,-999,-999,-999,-999,-999,-999,-999,-999,-999,-999,-999,-999,-86.25
-88.75,-999,-999,-999,-999,-999,-999,-999,-999,-999,-999,-999,-999,-999,-999,-999,-999,-999,-999,-999,-999,-999,-999,-999,-999,-999,-999,-999,-999,-999,-999,-999,-999,-999,-999,-999,-999,-999,-999,-999,-999,-999,-999,-999,-999,-999,-999,-999,-999,-999,-999,-999,-999,-999,-999,-999,-999,-999,-999,-999,-999,-999,-999,-999,-999,-999,-999,-999,-999,-999,-999,-999,-999,-999,-999,-999,-999,-999,-999,-999,-999,-999,-999,-999,-999,-999,-999,-999,-999,-999,-999,-999,-999,-999,-999,-999,-999,-999,-999,-999,-999,-999,-999,-999,-999,-999,-999,-999,-999,-999,-999,-999,-999,-999,-999,-999,-999,-999,-999,-999,-999,-999,-999,-999,-999,-999,-999,-999,-999,-999,-999,-999,-999,-999,-999,-999,-999,-999,-999,-999,-999,-999,-999,-999,-999,-88.75
1,-178.75,-176.25,-173.75,-171.25,-168.75,-166.25,-163.75,-161.25,-158.75,-156.25,-153.75,-151.25,-148.75,-146.25,-143.75,-141.25,-138.75,-136.25,-133.75,-131.25,-128.75,-126.25,-123.75,-121.25,-118.75,-116.25,-113.75,-111.25,-108.75,-106.25,-103.75,-101.25,-98.75,-96.25,-93.75,-91.25,-88.75,-86.25,-83.75,-81.25,-78.75,-76.25,-73.75,-71.25,-68.75,-66.25,-63.75,-61.25,-58.75,-56.25,-53.75,-51.25,-48.75,-46.25,-43.75,-41.25,-38.75,-36.25,-33.75,-31.25,-28.75,-26.25,-23.75,-21.25,-18.75,-16.25,-13.75,-11.25,-8.75,-6.25,-3.75,-1.25,1.25,3.75,6.25,8.75,11.25,13.75,16.25,18.75,21.25,23.75,26.25,28.75,31.25,33.75,36.25,38.75,41.25,43.75,46.25,48.75,51.25,53.75,56.25,58.75,61.25,63.75,66.25,68.75,71.25,73.75,76.25,78.75,81.25,83.75,86.25,88.75,91.25,93.75,96.25,98.75,101.25,103.75,106.25,108.75,111.25,113.75,116.25,118.75,121.25,123.75,126.25,128.75,131.25,133.75,136.25,138.75,141.25,143.75,146.25,148.75,151.25,153.75,156.25,158.75,161.25,163.75,166.25,168.75,171.25,173.75,176.25,178.75,2
