1,-178.75,-176.25,-173.75,-171.25,-168.75,-166.25,-163.75,-161.25,-158.75,-156.25,-153.75,-151.25,-148.75,-146.25,-143.75,-141.25,-138.75,-136.25,-133.75,-131.25,-128.75,-126.25,-123.75,-121.25,-118.75,-116.25,-113.75,-111.25,-108.75,-106.25,-103.75,-101.25,-98.75,-96.25,-93.75,-91.25,-88.75,-86.25,-83.75,-81.25,-78.75,-76.25,-73.75,-71.25,-68.75,-66.25,-63.75,-61.25,-58.75,-56.25,-53.75,-51.25,-48.75,-46.25,-43.75,-41.25,-38.75,-36.25,-33.75,-31.25,-28.75,-26.25,-23.75,-21.25,-18.75,-16.25,-13.75,-11.25,-8.75,-6.25,-3.75,-1.25,1.25,3.75,6.25,8.75,11.25,13.75,16.25,18.75,21.25,23.75,26.25,28.75,31.25,33.75,36.25,38.75,41.25,43.75,46.25,48.75,51.25,53.75,56.25,58.75,61.25,63.75,66.25,68.75,71.25,73.75,76.25,78.75,81.25,83.75,86.25,88.75,91.25,93.75,96.25,98.75,101.25,103.75,106.25,108.75,111.25,113.75,116.25,118.75,121.25,123.75,126.25,128.75,131.25,133.75,136.25,138.75,141.25,143.75,146.25,148.75,151.25,153.75,156.25,158.75,161.25,163.75,166.25,168.75,171.25,173.75,176.25,178.75,2
88.75,-273.06,-273.06,-273.06,-273.06,-273.06,-273.06,-273.06,-273.06,-273.06,-273.06,-273.06,-273.06,-273.06,-273.06,-273.06,-273.06,-273.06,-273.06,-273.06,-273.06,-273.06,-273.06,-273.07,-273.07,-273.07,-273.07,-273.07,-273.07,-273.07,-273.07,-273.07,-273.07,-273.07,-273.07,-273.07,-273.07,-273.07,-273.07,-273.07,-273.07,-273.07,-273.07,-273.07,-273.07,-273.07,-273.07,-273.07,-273.07,-273.07,-273.07,-273.07,-273.07,-273.07,-273.07,-273.07,-273.07,-273.06,-273.06,-273.06,-273.06,-273.06,-273.06,-273.06,-273.06,-273.06,-273.06,-273.06,-273.06,-273.06,-273.06,-273.06,-273.06,-273.06,-273.06,-273.06,-273.06,-273.06,-273.06,-273.06,-273.06,-273.06,-273.06,-273.06,-273.06,-273.06,-273.06,-273.06,-273.06,-273.06,-273.06,-273.06,-273.06,-273.06,-273.06,-273.06,-273.06,-273.06,-273.06,-273.06,-273.06,-273.06,-273.06,-273.06,-273.06,-273.06,-273.06,-273.06,-273.06,-273.06,-273.06,-273.06,-273.06,-273.06,-273.06,-273.06,-273.06,-273.06,-273.06,-273.06,-273.06,-273.06,-273.06,-273.06,-273.06,-273.06,-273.06,-273.06,-273.06,-273.05,-273.05,-273.05,-273.05,-273.05,-273.05,-273.05,-273.05,-273.05,-273.05,-273.05,-273.06,-273.06,-273.06,-273.06,-273.06,88.75
86.25,-273.03,-273.03,-273.04,-273.04,-273.04,-273.04,-273.04,-273.04,-273.05,-273.05,-273.05,-273.05,-273.06,-273.06,-273.06,-273.06,-273.06,-273.07,-273.07,-273.07,-273.07,-273.07,-273.07,-273.08,-273.08,-273.08,-273.08,-273.08,-273.08,-273.08,-273.08,-273.08,-273.08,-273.08,-273.08,-273.08,-273.08,-273.08,-273.08,-273.08,-273.08,-273.08,-273.08,-273.08,-273.08,-273.08,-273.08,-273.08,-273.08,-273.08,-273.08,-273.08,-273.08,-273.08,-273.08,-273.09,-273.09,-273.09,-273.09,-273.09,-273.08,-273.08,-273.08,-273.08,-273.08,-273.08,-273.07,-273.07,-273.07,-273.07,-273.06,-273.06,-273.06,-273.06,-273.05,-273.05,-273.05,-273.05,-273.05,-273.04,-273.04,-273.04,-273.04,-273.04,-273.04,-273.04,-273.04,-273.04,-273.04,-273.04,-273.04,-273.05,-273.05,-273.05,-273.05,-273.05,-273.05,-273.05,-273.05,-273.05,-273.06,-273.06,-273.06,-273.06,-273.06,-273.06,-273.06,-273.06,-273.06,-273.06,-273.05,-273.05,-273.05,-273.05,-273.05,-273.05,-273.05,-273.05,-273.05,-273.05,-273.05,-273.05,-273.04,-273.04,-273.04,-273.04,-273.04,-273.04,-273.03,-273.03,-273.03,-273.03,-273.03,-273.03,-273.03,-273.03,-273.03,-273.03,-273.03,-273.03,-273.03,-273.03,-273.03,-273.03,86.25
83.75,-273,-273,-273.01,-273.01,-273.01,-273.01,-273.02,-273.02,-273.02,-273.02,-273.03,-273.03,-273.04,-273.04,-273.04,-273.05,-273.05,-273.05,-273.05,-273.05,-273.05,-273.05,-273.05,-273.05,-273.05,-273.05,-273.05,-273.05,-273.05,-273.05,-273.05,-273.05,-273.05,-273.05,-273.05,-273.05,-273.05,-273.06,-273.06,-273.06,-273.07,-273.08,-273.08,-273.08,-273.08,-273.07,-273.07,-273.07,-273.07,-273.07,-273.07,-273.07,-273.08,-273.09,-273.11,-273.13,-273.15,-273.16,-273.15,-999,-999,-273.06,-273.05,-273.04,-273.05,-273.05,-273.05,-273.06,-273.06,-273.07,-273.07,-273.07,-273.07,-273.06,-273.06,-273.06,-273.05,-273.05,-273.05,-273.04,-273.04,-273.04,-273.03,-273.03,-273.03,-273.03,-273.03,-273.03,-273.03,-273.03,-273.03,-273.03,-273.03,-273.03,-273.03,-273.03,-273.03,-273.03,-273.03,-273.04,-273.04,-273.04,-273.04,-273.04,-273.04,-273.04,-273.03,-273.03,-273.02,-273.02,-273.01,-273.01,-273.01,-273.01,-273.01,-273.01,-273.01,-273.02,-273.02,-273.02,-273.02,-273.03,-273.03,-273.03,-273.03,-273.03,-273.03,-273.03,-273.03,-273.02,-273.02,-273.01,-273.01,-273,-273,-273,-273,-273,-273,-272.99,-273,-273,-273,-273,83.75
81.25,-272.93,-272.94,-272.94,-272.95,-272.95,-272.95,-272.96,-272.96,-272.97,-272.97,-272.98,-272.99,-272.99,-273,-273,-273.01,-273.01,-273.01,-273.02,-273.02,-273.02,-273.02,-273.02,-273.03,-273.03,-273.03,-273.04,-273.04,-273.04,-273.04,-273.04,-273.04,-273.03,-999,-999,-999,-999,-999,-999,-999,-999,-999,-999,-273.1,-999,-999,-999,-999,-999,-999,-999,-999,-999,-999,-999,-999,-999,-999,-999,-999,-999,-999,-999,-999,-999,-999,-999,-273.01,-273.03,-273.04,-273.05,-273.06,-273.07,-273.08,-273.08,-273.08,-273.09,-273.1,-273.1,-273.1,-273.08,-273.07,-273.05,-273.04,-273.03,-273.02,-273.01,-273,-272.99,-272.97,-272.97,-272.97,-272.98,-272.98,-272.99,-999,-999,-273.04,-273.05,-273.07,-273.09,-273.12,-273.14,-273.16,-273.18,-273.2,-273.22,-273.23,-273.21,-999,-999,-999,-272.97,-272.96,-272.96,-272.96,-272.96,-272.96,-272.96,-272.96,-272.97,-272.98,-272.99,-273,-273,-273.01,-273,-272.99,-272.98,-272.97,-272.96,-272.95,-272.95,-272.94,-272.94,-272.93,-272.93,-272.93,-272.93,-272.93,-272.93,-272.93,-272.93,-272.93,81.25
78.75,-272.83,-272.83,-272.83,-272.84,-272.84,-272.84,-272.85,-272.86,-272.86,-272.87,-272.88,-272.9,-272.9,-272.92,-272.93,-272.94,-272.95,-272.97,-272.98,-272.98,-273,-273.01,-273.02,-273.04,-273.06,-273.08,-273.09,-999,-273.1,-273.1,-273.06,-999,-999,-999,-999,-999,-999,-999,-999,-999,-999,-999,-273.03,-999,-999,-999,-999,-999,-999,-999,-999,-999,-999,-999,-999,-999,-999,-999,-999,-999,-999,-999,-999,-999,-999,-272.94,-272.98,-273.02,-273.06,-273.09,-273.13,-273.16,-273.19,-273.18,-273.14,-273.09,-272.98,-999,-999,-999,-999,-999,-272.76,-272.8,-272.84,-272.87,-272.89,-272.89,-272.86,-272.81,-272.76,-272.71,-272.68,-272.68,-272.72,-272.77,-272.81,-272.85,-272.89,-272.93,-272.98,-273.04,-273.11,-273.16,-273.2,-273.24,-273.29,-273.33,-273.37,-999,-999,-999,-999,-999,-272.84,-272.83,-272.83,-272.84,-272.84,-272.86,-272.87,-272.9,-272.92,-272.94,-272.94,-272.93,-272.92,-272.91,-272.9,-272.89,-272.89,-272.88,-272.88,-272.86,-272.85,-272.83,-272.82,-272.82,-272.82,-272.82,-272.83,-272.83,-272.83,-272.83,78.75
76.25,-272.66,-272.65,-272.64,-272.63,-272.6,-272.58,-272.57,-272.58,-272.6,-272.63,-272.66,-272.7,-272.73,-272.76,-272.79,-272.82,-272.84,-272.86,-272.89,-272.91,-272.95,-272.98,-273.01,-999,-999,-999,-999,-999,-999,-999,-999,-999,-999,-999,-999,-999,-999,-999,-999,-999,-999,-272.98,-272.98,-273.01,-999,-999,-999,-999,-999,-999,-999,-999,-999,-999,-999,-999,-999,-999,-999,-999,-999,-999,-999,-999,-272.79,-272.84,-272.91,-273,-273.06,-273.09,-273.07,-272.99,-272.86,-272.74,-272.68,-272.65,-272.55,-272.35,-272.15,-272.04,-272.08,-272.14,-272.16,-272.15,-272.19,-272.27,-272.33,-272.35,-272.35,-272.35,-272.38,-272.44,-272.51,-272.6,-272.7,-999,-999,-999,-999,-272.87,-272.89,-272.92,-272.97,-273.03,-273.09,-273.16,-273.23,-273.3,-273.36,-999,-999,-999,-999,-999,-999,-999,-999,-999,-272.63,-272.64,-272.67,-272.71,-272.75,-272.79,-272.82,-272.84,-272.84,-999,-999,-999,-999,-999,-272.76,-272.74,-272.73,-272.72,-272.69,-272.67,-272.65,-272.65,-272.65,-272.66,-272.66,-272.66,76.25
73.75,-272.4,-272.36,-272.32,-272.27,-272.2,-272.14,-272.09,-272.08,-272.12,-272.2,-272.29,-272.36,-272.43,-272.48,-272.53,-272.57,-272.62,-272.67,-272.73,-272.83,-272.98,-273.09,-999,-999,-999,-999,-999,-272.82,-272.82,-999,-272.85,-999,-999,-999,-999,-999,-999,-999,-999,-999,-999,-272.95,-272.98,-273.01,-273.03,-273.04,-273.04,-273.03,-273.01,-999,-999,-999,-999,-999,-999,-999,-999,-999,-999,-999,-999,-999,-999,-999,-999,-272.79,-272.86,-272.87,-272.79,-272.63,-272.42,-272.22,-272.15,-272.25,-272.38,-272.46,-272.51,-272.51,-272.49,-272.43,-272.34,-272.27,-272.22,-272.17,-272.11,-272.03,-271.98,-271.97,-272.01,-272.07,-272.13,-272.22,-272.33,-999,-999,-999,-272.33,-272.47,-272.57,-272.66,-272.71,-272.78,-272.86,-272.94,-999,-999,-999,-999,-999,-999,-999,-999,-999,-999,-999,-999,-999,-999,-999,-272.51,-272.63,-999,-999,-272.91,-273,-273.07,-273.08,-273.06,-273.01,-272.74,-272.67,-272.57,-272.48,-272.42,-272.4,-272.4,-272.41,-272.43,-272.44,-272.46,-272.48,-272.49,-272.47,-272.44,73.75
71.25,-999,-272.13,-272.14,-272.11,-272.1,-272.05,-272,-271.99,-999,-999,-999,-999,-272.27,-272.35,-272.41,-272.5,-272.61,-272.77,-272.94,-273.06,-273.12,-273.1,-999,-999,-999,-999,-999,-999,-999,-999,-999,-272.91,-272.93,-999,-999,-272.86,-999,-999,-999,-999,-999,-999,-999,-999,-999,-272.98,-273.05,-273.1,-273.09,-273.06,-999,-999,-999,-999,-999,-999,-999,-999,-999,-999,-999,-999,-999,-272.55,-272.67,-272.68,-272.57,-272.4,-272.19,-271.98,-271.9,-272.07,-272.31,-272.43,-272.49,-272.54,-272.61,-272.71,-272.77,-272.75,-272.71,-999,-999,-999,-999,-272.42,-272.24,-272.08,-272.04,-272.05,-272.05,-272,-999,-999,-272.03,-272.15,-272.23,-272.28,-272.34,-999,-999,-999,-999,-999,-999,-999,-999,-999,-999,-999,-999,-999,-999,-999,-999,-999,-999,-999,-999,-999,-999,-999,-999,-999,-999,-999,-999,-999,-999,-999,-999,-999,-999,-999,-999,-999,-272.23,-272.32,-272.47,-272.6,-272.67,-272.68,-272.6,-999,71.25
68.75,-999,-271.8,-271.88,-271.94,-272,-999,-999,-999,-999,-999,-999,-999,-999,-999,-999,-999,-999,-999,-999,-999,-999,-999,-999,-999,-999,-999,-999,-999,-999,-999,-999,-272.85,-999,-999,-999,-999,-999,-999,-999,-999,-272.88,-999,-999,-999,-999,-272.78,-272.89,-273.02,-273.07,-273.13,-999,-999,-999,-999,-999,-999,-999,-999,-999,-999,-999,-999,-999,-272.86,-272.8,-272.63,-272.51,-272.53,-272.55,-272.59,-272.67,-272.74,-272.78,-272.81,-272.83,-272.88,-272.94,-272.99,-999,-999,-999,-999,-999,-999,-999,-999,-999,-272.14,-272.07,-272.05,-272.01,-271.93,-999,-999,-999,-999,-999,-999,-999,-999,-999,-999,-999,-999,-999,-999,-999,-999,-999,-999,-999,-999,-999,-999,-999,-999,-999,-999,-999,-999,-999,-999,-999,-999,-999,-999,-999,-999,-999,-999,-999,-999,-999,-999,-999,-999,-999,-999,-999,-999,-999,-999,-999,-999,68.75
66.25,-999,-999,-999,-999,-271.85,-999,-999,-999,-999,-999,-999,-999,-999,-999,-999,-999,-999,-999,-999,-999,-999,-999,-999,-999,-999,-999,-999,-999,-999,-999,-999,-999,-999,-999,-999,-999,-999,-999,-999,-272.89,-273,-273.16,-999,-999,-999,-999,-999,-273.05,-273.2,-273.55,-273.7,-999,-999,-999,-999,-999,-999,-999,-999,-274.72,-275.14,-275.67,-999,-999,-999,-999,-999,-274.01,-273.87,-273.55,-273.26,-273.04,-272.94,-273.01,-273.11,-273.19,-273.22,-999,-999,-999,-999,-999,-999,-999,-999,-999,-999,-999,-999,-999,-999,-999,-999,-999,-999,-999,-999,-999,-999,-999,-999,-999,-999,-999,-999,-999,-999,-999,-999,-999,-999,-999,-999,-999,-999,-999,-999,-999,-999,-999,-999,-999,-999,-999,-999,-999,-999,-999,-999,-999,-999,-999,-999,-999,-999,-999,-999,-999,-999,-999,-999,-999,-999,-999,66.25
63.75,-271.71,-271.69,-271.75,-271.74,-271.68,-271.89,-999,-999,-999,-999,-999,-999,-999,-999,-999,-999,-999,-999,-999,-999,-999,-999,-999,-999,-999,-999,-999,-999,-999,-999,-999,-999,-999,-999,-999,-999,-999,-999,-999,-999,-272.94,-999,-999,-999,-999,-999,-273.21,-273.38,-274.44,-275.7,-275.85,-999,-999,-999,-999,-999,-276.88,-276.47,-275.95,-275.48,-275.14,-274.88,-274.51,-999,-999,-999,-999,-273.9,-273.72,-273.58,-273.4,-273.22,-273.15,-273.17,-273.24,-999,-999,-999,-999,-999,-999,-999,-999,-999,-999,-999,-999,-999,-999,-999,-999,-999,-999,-999,-999,-999,-999,-999,-999,-999,-999,-999,-999,-999,-999,-999,-999,-999,-999,-999,-999,-999,-999,-999,-999,-999,-999,-999,-999,-999,-999,-999,-999,-999,-999,-999,-999,-999,-999,-999,-999,-999,-999,-999,-999,-999,-999,-999,-999,-999,-999,-999,-999,-999,63.75
61.25,-271.43,-271.3,-271.35,-271.47,-271.5,-271.7,-999,-999,-999,-999,-999,-999,-999,-999,-999,-999,-999,-999,-999,-999,-999,-999,-999,-999,-999,-999,-999,-999,-999,-999,-999,-999,-999,-999,-999,-272.61,-272.7,-272.84,-272.94,-272.97,-272.96,-999,-999,-999,-272.96,-273.12,-273.31,-273.88,-275.37,-275.8,-275.81,-275.82,-999,-999,-999,-276.99,-276.19,-275.62,-275.45,-275.32,-275.05,-274.65,-274.36,-274.18,-274.04,-273.92,-273.81,-273.69,-273.59,-273.48,-273.41,-273.33,-273.23,-273.02,-999,-999,-999,-999,-999,-271.74,-999,-999,-999,-999,-999,-999,-999,-999,-999,-999,-999,-999,-999,-999,-999,-999,-999,-999,-999,-999,-999,-999,-999,-999,-999,-999,-999,-999,-999,-999,-999,-999,-999,-999,-999,-999,-999,-999,-999,-999,-999,-999,-999,-999,-999,-999,-999,-999,-999,-999,-999,-999,-999,-999,-999,-273.04,-999,-999,-999,-999,-999,-999,-271.58,-271.53,61.25
58.75,-271.88,-271.85,-271.82,-271.75,-271.73,-271.75,-271.78,-999,-999,-999,-999,-999,-272.54,-272.6,-272.61,-272.68,-999,-999,-999,-999,-999,-999,-999,-999,-999,-999,-999,-999,-999,-999,-999,-999,-999,-999,-999,-272.84,-273.01,-273.08,-273.12,-273.1,-273.06,-999,-999,-999,-999,-999,-999,-273.43,-274.74,-275.63,-275.7,-275.75,-275.86,-276,-276.21,-276.13,-275.85,-275.84,-275.79,-275.54,-275.17,-274.87,-274.6,-274.4,-274.22,-274.03,-273.85,-273.7,-273.58,-273.47,-273.3,-273.1,-272.95,-272.76,-999,-999,-999,-999,-999,-271.62,-271.52,-999,-999,-999,-999,-999,-999,-999,-999,-999,-999,-999,-999,-999,-999,-999,-999,-999,-999,-999,-999,-999,-999,-999,-999,-999,-999,-999,-999,-999,-999,-999,-999,-999,-999,-999,-999,-999,-999,-999,-999,-999,-999,-999,-999,-999,-999,-999,-999,-999,-999,-999,-999,-999,-272.66,-999,-999,-271.85,-271.89,-271.81,-271.72,-271.73,-271.82,-271.87,58.75
56.25,-272.05,-272.08,-272.07,-272.06,-272.07,-272.06,-272.02,-271.96,-999,-272.17,-272.18,-272.24,-272.29,-272.29,-272.35,-272.51,-272.7,-272.83,-272.9,-999,-999,-999,-999,-999,-999,-999,-999,-999,-999,-999,-999,-999,-999,-999,-999,-999,-999,-999,-999,-273.38,-273.4,-999,-999,-999,-999,-999,-999,-999,-273.9,-274.81,-275.37,-275.66,-275.81,-275.77,-275.7,-275.72,-275.95,-276.1,-276.01,-275.8,-275.56,-275.23,-274.83,-274.43,-274.11,-273.94,-273.78,-273.63,-273.5,-999,-999,-272.72,-272.64,-272.49,-272.32,-999,-999,-999,-999,-271.64,-999,-999,-999,-999,-999,-999,-999,-999,-999,-999,-999,-999,-999,-999,-999,-999,-999,-999,-999,-999,-999,-999,-999,-999,-999,-999,-999,-999,-999,-999,-999,-999,-999,-999,-999,-999,-999,-999,-999,-999,-999,-999,-999,-999,-999,-999,-999,-272.07,-272.29,-272.33,-272.23,-272.13,-272.1,-272.11,-999,-999,-999,-271.81,-271.89,-271.89,-271.86,-271.85,-271.91,-271.98,56.25
53.75,-272.15,-272.17,-272.14,-272.11,-272.11,-272.09,-272.09,-272.13,-272.14,-272.13,-272.11,-272.08,-272.04,-272.06,-272.17,-272.35,-272.56,-272.73,-272.84,-999,-999,-999,-999,-999,-999,-999,-999,-999,-999,-999,-999,-999,-999,-999,-999,-999,-999,-999,-999,-999,-999,-999,-999,-999,-999,-999,-999,-999,-999,-999,-274.59,-275.13,-275.57,-275.45,-275.4,-275.59,-275.98,-276.2,-276.16,-276.03,-275.82,-275.52,-275.17,-274.63,-274.21,-273.9,-273.69,-273.52,-999,-999,-999,-999,-272.38,-272.33,-272.22,-999,-999,-999,-999,-999,-999,-999,-999,-999,-999,-999,-999,-999,-999,-999,-999,-999,-999,-999,-999,-999,-999,-999,-999,-999,-999,-999,-999,-999,-999,-999,-999,-999,-999,-999,-999,-999,-999,-999,-999,-999,-999,-999,-999,-999,-999,-999,-999,-999,-999,-999,-999,-999,-999,-272.1,-271.96,-271.92,-271.95,-271.95,-999,-999,-999,-271.87,-271.87,-271.89,-271.92,-271.97,-272.04,-272.11,53.75
51.25,-272.13,-272.13,-272.1,-272.07,-272.04,-272.03,-272.02,-272.02,-272.01,-271.97,-271.95,-271.9,-271.84,-271.85,-271.92,-272.07,-272.29,-272.53,-272.68,-272.74,-272.79,-999,-999,-999,-999,-999,-999,-999,-999,-999,-999,-999,-999,-999,-999,-999,-999,-999,-999,-999,-999,-999,-999,-999,-999,-999,-999,-999,-999,-999,-274.39,-274.59,-274.82,-274.88,-274.9,-274.95,-275.06,-275.14,-275.08,-275.01,-275.05,-275.06,-274.92,-274.61,-274.13,-273.7,-273.43,-273.34,-273.15,-273.06,-999,-999,-999,-999,-999,-999,-999,-999,-999,-999,-999,-999,-999,-999,-999,-999,-999,-999,-999,-999,-999,-999,-999,-999,-999,-999,-999,-999,-999,-999,-999,-999,-999,-999,-999,-999,-999,-999,-999,-999,-999,-999,-999,-999,-999,-999,-999,-999,-999,-999,-999,-999,-999,-999,-999,-999,-999,-999,-999,-999,-271.72,-271.73,-271.78,-271.81,-271.76,-271.78,-271.86,-271.96,-272,-272.05,-272.07,-272.07,-272.06,-272.09,51.25
48.75,-272.02,-272,-271.99,-271.93,-271.84,-271.8,-271.81,-271.81,-271.79,-271.77,-271.75,-271.74,-271.69,-271.69,-271.74,-271.88,-272.09,-272.26,-272.43,-272.59,-272.72,-999,-999,-999,-999,-999,-999,-999,-999,-999,-999,-999,-999,-999,-999,-999,-999,-999,-999,-999,-999,-999,-999,-999,-999,-999,-272.57,-272.45,-272.51,-999,-999,-274,-274.14,-274.05,-273.77,-273.75,-273.99,-274.09,-274.27,-274.45,-274.61,-274.7,-274.55,-274.26,-273.9,-273.51,-273.23,-273.14,-273.11,-273.07,-999,-999,-999,-999,-999,-999,-999,-999,-999,-999,-999,-999,-999,-999,-999,-999,-999,-999,-999,-999,-999,-999,-999,-999,-999,-999,-999,-999,-999,-999,-999,-999,-999,-999,-999,-999,-999,-999,-999,-999,-999,-999,-999,-999,-999,-999,-999,-999,-999,-999,-999,-999,-999,-999,-999,-999,-999,-999,-271.19,-999,-271.36,-271.46,-271.59,-271.71,-271.79,-271.86,-272.03,-272.19,-272.24,-272.24,-272.2,-272.15,-272.09,-272.04,48.75
46.25,-272.09,-271.98,-271.89,-271.8,-271.7,-271.65,-271.67,-271.68,-271.67,-271.63,-271.59,-271.62,-271.63,-271.65,-271.71,-271.85,-271.99,-272.11,-272.3,-272.48,-272.62,-272.73,-999,-999,-999,-999,-999,-999,-999,-999,-999,-999,-999,-999,-999,-999,-999,-999,-999,-999,-999,-999,-999,-999,-999,-999,-999,-999,-271.97,-272.16,-272.63,-272.97,-273.02,-273.13,-272.82,-272.89,-273.2,-273.5,-274.06,-274.5,-274.47,-274.25,-273.93,-273.74,-273.6,-273.3,-273.08,-273.06,-273.06,-273.03,-272.99,-999,-999,-999,-999,-999,-999,-999,-999,-999,-999,-999,-999,-999,-999,-999,-999,-999,-999,-999,-999,-999,-999,-999,-999,-999,-999,-999,-999,-999,-999,-999,-999,-999,-999,-999,-999,-999,-999,-999,-999,-999,-999,-999,-999,-999,-999,-999,-999,-999,-999,-999,-999,-999,-999,-999,-999,-271.45,-271.17,-270.87,-270.79,-270.98,-271.26,-271.57,-271.75,-271.89,-272.06,-272.17,-272.12,-272.12,-272.11,-272.18,-272.22,-272.18,46.25
43.75,-272.21,-272.08,-271.91,-271.76,-271.66,-271.6,-271.59,-271.6,-271.58,-271.55,-271.53,-271.54,-271.59,-271.66,-271.75,-271.87,-272,-272.1,-272.26,-272.49,-272.64,-272.72,-999,-999,-999,-999,-999,-999,-999,-999,-999,-999,-999,-999,-999,-999,-999,-999,-999,-999,-999,-999,-999,-999,-999,-999,-999,-271.5,-271.47,-271.83,-271.95,-271.56,-270.49,-271.33,-271.92,-272.11,-272.41,-272.76,-273.42,-274.04,-273.87,-273.58,-273.28,-273.1,-273.07,-273.01,-273.04,-273.14,-273.12,-999,-272.98,-999,-999,-999,-999,-999,-999,-999,-999,-999,-999,-999,-999,-999,-271.18,-271.18,-271.23,-999,-999,-999,-999,-999,-999,-999,-999,-999,-999,-999,-999,-999,-999,-999,-999,-999,-999,-999,-999,-999,-999,-999,-999,-999,-999,-999,-999,-999,-999,-999,-999,-999,-999,-999,-999,-999,-999,-999,-999,-271.62,-999,-999,-270.09,-270.04,-270.6,-271.1,-271.33,-271.57,-271.74,-271.86,-271.95,-272.01,-272.02,-272.13,-272.31,-272.3,43.75
41.25,-272.18,-272.09,-271.99,-271.85,-271.7,-271.58,-271.51,-271.45,-271.42,-271.4,-271.38,-271.41,-271.5,-271.63,-271.76,-271.88,-271.98,-272.1,-272.3,-272.56,-272.7,-272.62,-999,-999,-999,-999,-999,-999,-999,-999,-999,-999,-999,-999,-999,-999,-999,-999,-999,-999,-999,-999,-999,-272.2,-272.39,-272.08,-272.11,-272.09,-272.07,-272,-271.88,-271.75,-271.77,-272.02,-272.09,-272.11,-272.11,-272.3,-272.97,-273.12,-272.96,-272.86,-272.83,-272.88,-272.9,-272.93,-273.02,-273.13,-999,-999,-999,-999,-999,-272.63,-272.44,-999,-272.21,-999,-999,-999,-999,-999,-999,-999,-999,-999,-999,-999,-999,-999,-999,-999,-999,-999,-999,-999,-999,-999,-999,-999,-999,-999,-999,-999,-999,-999,-999,-999,-999,-999,-999,-999,-999,-999,-999,-999,-999,-999,-999,-999,-999,-999,-999,-999,-271.7,-271.67,-271.71,-271.81,-999,-271.42,-270.95,-271.38,-271.73,-271.74,-271.75,-271.7,-271.68,-271.84,-271.97,-272.01,-272.05,-272.15,-272.25,-272.23,41.25
38.75,-272.17,-272.11,-272.05,-271.93,-271.76,-271.62,-271.48,-271.37,-271.31,-271.28,-271.27,-271.31,-271.38,-271.52,-271.69,-271.79,-271.91,-272.09,-272.32,-272.57,-272.66,-272.49,-999,-999,-999,-999,-999,-999,-999,-999,-999,-999,-999,-999,-999,-999,-999,-999,-999,-999,-999,-999,-999,-272.17,-272.22,-272.24,-272.25,-272.22,-272.18,-272.17,-272.23,-272.3,-272.36,-272.42,-272.45,-272.41,-272.39,-272.5,-272.55,-272.44,-272.45,-272.55,-272.7,-272.82,-272.87,-272.93,-273.01,-273.1,-999,-999,-999,-999,-272.76,-272.73,-272.57,-999,-272.35,-272.35,-999,-272.19,-999,-999,-999,-999,-999,-999,-999,-999,-999,-999,-999,-999,-999,-999,-999,-999,-999,-999,-999,-999,-999,-999,-999,-999,-999,-999,-999,-999,-999,-999,-999,-999,-999,-999,-999,-999,-999,-999,-999,-999,-272,-272.07,-999,-999,-272.05,-272.05,-272,-272,-999,-272.11,-272.13,-272.08,-271.98,-271.89,-271.82,-271.81,-271.85,-271.9,-271.95,-272,-272.08,-272.11,-272.16,-272.2,38.75
36.25,-272.14,-272.11,-272.04,-271.88,-271.75,-271.61,-271.46,-271.31,-271.23,-271.2,-271.2,-271.26,-271.35,-271.52,-271.73,-271.83,-271.89,-272.02,-272.22,-272.46,-272.6,-272.47,-272.34,-999,-999,-999,-999,-999,-999,-999,-999,-999,-999,-999,-999,-999,-999,-999,-999,-999,-999,-999,-272.07,-272.18,-272.1,-272.08,-272.1,-272.16,-272.26,-272.3,-272.33,-272.38,-272.43,-272.46,-272.45,-272.41,-272.36,-272.35,-272.32,-272.34,-272.44,-272.59,-272.72,-272.81,-272.92,-273.02,-273.09,-273.15,-273.02,-272.88,-272.85,-999,-999,-999,-999,-999,-999,-272.51,-272.42,-272.32,-272.24,-272.18,-272,-999,-271.97,-999,-999,-999,-999,-999,-999,-999,-999,-999,-999,-999,-999,-999,-999,-999,-999,-999,-999,-999,-999,-999,-999,-999,-999,-999,-999,-999,-999,-999,-999,-999,-999,-999,-999,-999,-999,-272.15,-999,-999,-272.3,-272.2,-999,-999,-999,-272.2,-272.1,-272.04,-271.98,-271.94,-271.9,-271.9,-271.94,-272.04,-272.13,-272.2,-272.21,-272.2,-272.18,-272.17,36.25
33.75,-272.12,-272.06,-271.99,-271.85,-271.7,-271.54,-271.4,-271.27,-271.2,-271.22,-271.28,-271.41,-271.59,-271.79,-271.93,-271.97,-271.98,-272.04,-272.18,-272.36,-272.45,-272.41,-272.33,-272.23,-999,-999,-999,-999,-999,-999,-999,-999,-999,-999,-999,-999,-999,-999,-999,-999,-999,-272.03,-272.07,-272.03,-272.01,-272.03,-272.08,-272.15,-272.22,-272.26,-272.27,-272.26,-272.24,-272.22,-272.2,-272.2,-272.24,-272.33,-272.44,-272.51,-272.6,-272.69,-272.76,-272.88,-273.01,-273.08,-273.12,-273.13,-273.05,-999,-999,-999,-999,-999,-999,-999,-999,-272.52,-272.44,-272.34,-272.26,-272.23,-272.12,-272.03,-272.06,-272.02,-999,-999,-999,-999,-999,-999,-999,-999,-999,-999,-999,-999,-999,-999,-999,-999,-999,-999,-999,-999,-999,-999,-999,-999,-999,-999,-999,-999,-999,-999,-999,-999,-999,-999,-999,-272.38,-272.49,-272.38,-999,-999,-999,-272.3,-272.37,-272.31,-272.23,-272.17,-272.13,-272.11,-272.1,-272.15,-272.21,-272.28,-272.34,-272.34,-272.28,-272.23,-272.21,-272.2,33.75
31.25,-272.18,-272.09,-272.01,-271.89,-271.75,-271.6,-271.5,-271.44,-271.46,-271.54,-271.64,-271.78,-271.94,-272.08,-272.12,-272.1,-272.06,-272.08,-272.15,-272.21,-272.25,-272.23,-272.2,-272.21,-272.13,-999,-999,-999,-999,-999,-999,-999,-999,-999,-999,-999,-999,-999,-999,-999,-272.04,-272.04,-272.06,-272.03,-272.04,-272.03,-272.02,-272.02,-272.04,-272.05,-272.05,-272.03,-272.01,-272.02,-272.07,-272.18,-272.34,-272.49,-272.6,-272.69,-272.78,-272.83,-272.88,-272.94,-272.98,-273.02,-273.07,-273.09,-999,-999,-999,-999,-999,-999,-999,-999,-999,-999,-999,-272.41,-999,-999,-999,-999,-999,-999,-999,-999,-999,-999,-999,-999,-999,-999,-999,-999,-999,-999,-999,-999,-999,-999,-999,-999,-999,-999,-999,-999,-999,-999,-999,-999,-999,-999,-999,-999,-999,-999,-999,-999,-999,-272.29,-272.41,-272.36,-272.46,-272.58,-272.57,-272.5,-272.44,-272.38,-272.35,-272.34,-272.32,-272.32,-272.33,-272.39,-272.44,-272.44,-272.42,-272.34,-272.29,-272.29,-272.28,-272.23,31.25
28.75,-272.27,-272.21,-272.12,-272.02,-271.93,-271.86,-271.82,-271.83,-271.87,-271.93,-271.99,-272.07,-272.15,-272.19,-272.21,-272.19,-272.15,-272.13,-272.13,-272.12,-272.11,-272.08,-272.08,-272.09,-272.03,-271.89,-999,-999,-999,-999,-999,-999,-999,-999,-271.66,-271.6,-271.67,-271.64,-271.54,-999,-272.09,-272.08,-272,-271.98,-271.98,-271.98,-271.97,-271.96,-271.95,-271.96,-271.97,-272,-272.06,-272.15,-272.25,-272.39,-272.56,-272.68,-272.79,-272.88,-272.92,-272.92,-272.9,-272.89,-272.89,-272.92,-272.96,-999,-999,-999,-999,-999,-999,-999,-999,-999,-999,-999,-999,-999,-999,-999,-999,-999,-999,-999,-999,-999,-999,-999,-999,-999,-999,-999,-999,-999,-999,-999,-999,-999,-999,-999,-999,-999,-999,-999,-999,-999,-999,-999,-999,-999,-999,-999,-999,-999,-999,-999,-999,-999,-999,-272.23,-272.42,-272.5,-272.7,-272.74,-272.7,-272.68,-272.63,-272.59,-272.59,-272.56,-272.5,-272.46,-272.45,-272.46,-272.43,-272.41,-272.37,-272.32,-272.28,-272.29,-272.31,-272.29,28.75
26.25,-272.23,-272.19,-272.14,-272.07,-272.01,-271.99,-271.98,-272,-272.02,-272.04,-272.07,-272.13,-272.2,-272.26,-272.29,-272.27,-272.22,-272.17,-272.14,-272.1,-272.08,-272.07,-272.03,-271.99,-271.9,-271.77,-271.7,-999,-999,-999,-999,-999,-999,-271.79,-271.61,-271.61,-271.69,-271.82,-271.76,-999,-272.13,-272.11,-272.08,-272.03,-272.03,-272.05,-272.08,-272.1,-272.13,-272.16,-272.19,-272.26,-272.36,-272.45,-272.55,-272.67,-272.79,-272.88,-272.95,-272.98,-272.95,-272.9,-272.85,-272.84,-272.86,-272.89,-999,-999,-999,-999,-999,-999,-999,-999,-999,-999,-999,-999,-999,-999,-999,-999,-999,-999,-999,-999,-999,-999,-999,-999,-999,-999,-999,-272.58,-272.86,-999,-999,-999,-999,-999,-999,-999,-999,-999,-999,-999,-999,-999,-999,-999,-999,-999,-999,-999,-999,-999,-999,-999,-999,-999,-272.11,-272.33,-272.59,-272.77,-272.98,-272.96,-272.9,-272.87,-272.81,-272.77,-272.71,-272.65,-272.56,-272.46,-272.37,-272.35,-272.32,-272.31,-272.3,-272.29,-272.28,-272.27,-272.28,-272.26,26.25
23.75,-272.1,-272.08,-272.04,-271.98,-271.94,-271.95,-271.99,-272.04,-272.08,-272.1,-272.14,-272.2,-272.28,-272.33,-272.34,-272.33,-272.28,-272.23,-272.19,-272.16,-272.14,-272.09,-272,-271.87,-271.73,-271.63,-271.56,-999,-271.91,-999,-999,-999,-999,-271.78,-271.74,-271.86,-272.07,-272.48,-272.34,-272.25,-272.26,-272.27,-272.32,-272.33,-272.34,-272.39,-272.45,-272.5,-272.54,-272.56,-272.6,-272.64,-272.71,-272.79,-272.86,-272.95,-272.99,-273.01,-273.03,-273.03,-273,-272.93,-272.88,-272.89,-272.95,-999,-999,-999,-999,-999,-999,-999,-999,-999,-999,-999,-999,-999,-999,-999,-999,-999,-999,-999,-999,-999,-272.18,-999,-999,-999,-999,-999,-999,-999,-999,-999,-272.92,-273,-273.03,-999,-999,-999,-999,-999,-999,-999,-999,-999,-999,-999,-999,-999,-999,-999,-999,-999,-999,-999,-999,-999,-999,-272.63,-272.97,-273.05,-273.04,-272.98,-272.9,-272.84,-272.78,-272.7,-272.58,-272.5,-272.42,-272.33,-272.26,-272.24,-272.23,-272.23,-272.24,-272.25,-272.24,-272.23,-272.2,-272.14,23.75
21.25,-272,-271.96,-271.92,-271.87,-271.85,-271.87,-271.92,-272,-272.07,-272.12,-272.19,-272.24,-272.28,-272.31,-272.32,-272.32,-272.3,-272.25,-272.21,-272.2,-272.18,-272.08,-271.93,-271.76,-271.65,-271.6,-271.6,-271.68,-271.79,-271.88,-999,-999,-999,-271.86,-271.92,-999,-999,-272.67,-272.43,-272.33,-999,-999,-272.56,-272.66,-272.7,-272.76,-272.84,-272.88,-272.92,-272.92,-272.94,-272.96,-273,-273.05,-273.1,-273.13,-273.13,-273.13,-273.13,-273.1,-273.05,-272.99,-272.96,-272.97,-273.03,-999,-999,-999,-999,-999,-999,-999,-999,-999,-999,-999,-999,-999,-999,-999,-999,-999,-999,-999,-999,-999,-999,-999,-999,-999,-999,-999,-999,-999,-999,-999,-272.84,-272.85,-272.83,-272.73,-999,-999,-999,-999,-999,-999,-999,-272.65,-272.62,-999,-999,-999,-999,-999,-999,-999,-999,-272.51,-272.55,-272.52,-272.57,-272.88,-272.97,-272.92,-272.86,-272.75,-272.64,-272.54,-272.48,-272.43,-272.36,-272.29,-272.22,-272.18,-272.15,-272.13,-272.13,-272.14,-272.15,-272.16,-272.15,-272.14,-272.1,-272.04,21.25
18.75,-271.94,-271.92,-271.9,-271.9,-271.93,-271.94,-271.97,-272.02,-272.1,-272.16,-272.22,-272.24,-272.26,-272.28,-272.28,-272.26,-272.24,-272.21,-272.19,-272.14,-272.09,-272.02,-271.93,-271.82,-271.72,-271.68,-271.69,-271.73,-271.78,-271.78,-999,-999,-999,-999,-272,-999,-999,-272.88,-272.76,-272.77,-272.72,-272.65,-272.71,-999,-999,-272.97,-273.13,-273.17,-273.18,-273.17,-273.16,-273.18,-273.2,-273.22,-273.22,-273.21,-273.19,-273.17,-273.15,-273.1,-273.04,-272.99,-272.96,-272.96,-272.98,-999,-999,-999,-999,-999,-999,-999,-999,-999,-999,-999,-999,-999,-999,-999,-999,-999,-999,-999,-999,-999,-999,-272.32,-999,-999,-999,-999,-999,-999,-999,-272.81,-272.78,-272.74,-272.67,-272.58,-272.51,-999,-999,-999,-999,-999,-272.71,-272.76,-272.68,-999,-999,-999,-999,-999,-999,-999,-999,-272.69,-272.84,-272.86,-999,-272.63,-272.7,-272.65,-272.56,-272.44,-272.33,-272.25,-272.21,-272.18,-272.15,-272.12,-272.08,-272.06,-272.05,-272.06,-272.07,-272.07,-272.06,-272.05,-272.04,-272.02,-271.99,-271.96,18.75
16.25,-271.99,-272,-272.01,-272.01,-272.05,-272.07,-272.09,-272.13,-272.17,-272.22,-272.24,-272.24,-272.23,-272.22,-272.19,-272.14,-272.1,-272.08,-272.06,-272.03,-272.01,-271.97,-271.93,-271.87,-271.83,-271.79,-271.79,-271.79,-271.8,-271.81,-271.76,-271.74,-999,-999,-999,-999,-999,-999,-999,-273.26,-273.23,-273.18,-273.22,-273.24,-273.25,-273.25,-273.27,-273.29,-273.3,-273.29,-273.3,-273.31,-273.31,-273.28,-273.24,-273.19,-273.15,-273.11,-273.07,-273.02,-272.96,-272.92,-272.91,-272.9,-272.94,-999,-999,-999,-999,-999,-999,-999,-999,-999,-999,-999,-999,-999,-999,-999,-999,-999,-999,-999,-999,-999,-999,-999,-272.48,-999,-999,-999,-999,-272.7,-272.71,-272.73,-272.68,-272.62,-272.54,-272.5,-272.5,-999,-999,-999,-999,-272.74,-272.78,-272.84,-272.76,-999,-999,-999,-999,-999,-999,-999,-272.81,-272.83,-272.95,-272.96,-999,-272.59,-272.55,-272.49,-272.4,-272.32,-272.25,-272.2,-272.16,-272.13,-272.12,-272.11,-272.1,-272.08,-272.07,-272.07,-272.08,-272.08,-272.07,-272.03,-272.02,-272.03,-272.01,-271.99,16.25
13.75,-272.05,-272.07,-272.07,-272.07,-272.07,-272.07,-272.09,-272.1,-272.11,-272.12,-272.12,-272.11,-272.09,-272.05,-272.02,-272,-271.98,-271.98,-271.98,-271.98,-271.99,-272,-272,-272.01,-272.02,-272,-271.99,-271.98,-271.97,-272,-271.96,-271.88,-271.86,-271.99,-271.93,-999,-999,-999,-999,-273.37,-273.43,-273.42,-273.35,-273.29,-273.26,-273.26,-273.24,-273.25,-273.29,-273.31,-273.31,-273.29,-273.28,-273.24,-273.18,-273.13,-273.09,-273.03,-272.98,-272.96,-272.93,-272.91,-272.89,-272.9,-272.93,-999,-999,-999,-999,-999,-999,-999,-999,-999,-999,-999,-999,-999,-999,-999,-999,-999,-999,-999,-999,-999,-999,-999,-999,-999,-999,-999,-272.7,-272.8,-272.72,-272.65,-272.61,-272.57,-272.53,-272.51,-272.52,-272.57,-999,-999,-272.69,-272.73,-272.8,-272.86,-272.85,-272.82,-272.81,-999,-999,-999,-999,-999,-272.97,-272.88,-272.96,-272.96,-999,-999,-272.54,-272.54,-272.47,-272.39,-272.33,-272.28,-272.23,-272.19,-272.18,-272.18,-272.16,-272.15,-272.12,-272.1,-272.1,-272.11,-272.1,-272.07,-272.06,-272.07,-272.07,-272.04,13.75
11.25,-272.11,-272.11,-272.1,-272.09,-272.07,-272.05,-272.05,-272.05,-272.06,-272.05,-272.04,-272.02,-272.01,-271.99,-271.98,-271.99,-272.01,-272.03,-272.04,-272.04,-272.05,-272.11,-272.17,-272.2,-272.23,-272.25,-272.27,-272.26,-272.27,-272.31,-272.35,-272.42,-272.52,-272.61,-272.65,-272.72,-272.81,-999,-999,-273.35,-273.39,-999,-999,-999,-999,-999,-999,-273.16,-273.22,-273.28,-273.25,-273.21,-273.18,-273.12,-273.07,-273.03,-272.98,-272.94,-272.93,-272.93,-272.93,-272.94,-272.93,-272.96,-272.98,-272.99,-999,-999,-999,-999,-999,-999,-999,-999,-999,-999,-999,-999,-999,-999,-999,-999,-999,-999,-999,-999,-999,-999,-999,-999,-999,-999,-999,-272.68,-272.61,-272.58,-272.58,-272.56,-272.55,-272.54,-272.55,-272.61,-999,-999,-272.72,-272.8,-272.84,-272.88,-272.89,-272.89,-272.85,-999,-273.09,-999,-999,-999,-272.98,-272.86,-272.86,-272.87,-272.91,-999,-272.56,-272.61,-272.59,-272.5,-272.43,-272.38,-272.34,-272.29,-272.24,-272.23,-272.21,-272.17,-272.14,-272.11,-272.09,-272.08,-272.08,-272.08,-272.08,-272.08,-272.08,-272.09,11.25
8.75,-272.2,-272.2,-272.19,-272.18,-272.16,-272.15,-272.16,-272.14,-272.13,-272.11,-272.07,-272.05,-272.06,-272.06,-272.05,-272.01,-271.97,-271.95,-271.92,-271.91,-271.94,-271.99,-272.07,-272.17,-272.27,-272.38,-272.48,-272.55,-272.6,-272.68,-272.77,-272.85,-272.91,-272.96,-273,-273.01,-272.82,-272.52,-999,-999,-999,-999,-999,-999,-999,-999,-999,-999,-273.11,-273.1,-273.08,-273.11,-273.1,-273.04,-272.96,-272.91,-272.9,-272.91,-272.93,-272.94,-272.94,-272.94,-272.94,-272.92,-272.97,-273.01,-273,-999,-999,-999,-999,-999,-999,-999,-999,-999,-999,-999,-999,-999,-999,-999,-999,-999,-999,-999,-999,-999,-999,-999,-999,-999,-999,-272.6,-272.61,-272.63,-272.64,-272.63,-272.62,-272.63,-272.63,-272.66,-999,-999,-999,-272.78,-272.82,-272.87,-272.88,-272.85,-272.82,-999,-272.98,-273,-999,-272.97,-272.86,-272.81,-272.7,-272.7,-272.8,-999,-999,-272.71,-272.71,-272.6,-272.51,-272.46,-272.47,-272.45,-272.41,-272.36,-272.29,-272.23,-272.2,-272.16,-272.15,-272.13,-272.12,-272.14,-272.17,-272.19,-272.19,-272.2,8.75
6.25,-272.09,-272.06,-272.03,-271.99,-271.96,-271.91,-271.86,-271.82,-271.8,-271.8,-271.76,-271.73,-271.72,-271.7,-271.66,-271.64,-271.66,-271.69,-271.72,-271.79,-271.86,-271.97,-272.08,-272.2,-272.31,-272.42,-272.54,-272.63,-272.67,-272.71,-272.75,-272.76,-272.76,-272.76,-272.77,-272.77,-272.67,-272.54,-272.45,-272.46,-272.55,-999,-999,-999,-999,-999,-999,-999,-999,-999,-999,-272.98,-273.02,-273,-272.95,-272.94,-272.95,-272.95,-272.93,-272.92,-272.9,-272.89,-272.87,-272.9,-272.95,-272.99,-272.97,-999,-999,-999,-999,-999,-999,-999,-999,-999,-999,-999,-999,-999,-999,-999,-999,-999,-999,-999,-999,-999,-999,-999,-999,-999,-272.56,-272.58,-272.58,-272.61,-272.64,-272.66,-272.68,-272.67,-272.67,-272.65,-272.67,-272.75,-999,-272.8,-272.85,-272.84,-272.8,-272.74,-272.74,-272.71,-999,-272.98,-272.98,-272.92,-272.83,-272.73,-999,-999,-272.76,-999,-272.63,-272.88,-272.7,-272.67,-272.59,-272.54,-272.51,-272.48,-272.46,-272.42,-272.37,-272.32,-272.27,-272.25,-272.23,-272.23,-272.2,-272.17,-272.15,-272.13,-272.13,-272.11,6.25
3.75,-271.97,-271.98,-271.98,-271.98,-271.97,-271.96,-271.94,-271.91,-271.88,-271.89,-271.87,-271.84,-271.82,-271.84,-271.86,-271.89,-271.92,-271.96,-272.03,-272.1,-272.17,-272.28,-272.39,-272.49,-272.58,-272.66,-272.73,-272.81,-272.85,-272.85,-272.82,-272.77,-272.73,-272.69,-272.64,-272.55,-272.46,-272.42,-272.37,-272.44,-272.55,-999,-999,-999,-999,-999,-999,-999,-999,-999,-999,-999,-272.95,-272.94,-272.98,-273,-272.96,-272.92,-272.89,-272.85,-272.79,-272.75,-272.71,-272.7,-272.71,-272.71,-272.69,-272.68,-272.67,-272.64,-272.64,-272.6,-272.56,-272.56,-272.58,-999,-999,-999,-999,-999,-999,-999,-999,-999,-999,-999,-999,-999,-999,-999,-999,-272.51,-272.58,-272.6,-272.64,-272.66,-272.66,-272.66,-272.67,-272.7,-272.71,-272.71,-272.73,-272.79,-272.86,-272.88,-272.9,-272.87,-272.79,-272.73,-999,-999,-999,-272.91,-272.93,-272.83,-272.69,-999,-999,-272.62,-272.58,-272.48,-272.64,-272.61,-272.57,-272.62,-272.53,-272.43,-272.38,-272.35,-272.33,-272.3,-272.27,-272.22,-272.17,-272.16,-272.16,-272.12,-272.07,-272.01,-271.98,-271.96,-271.96,-271.96,3.75
1.25,-272.03,-272.05,-272.07,-272.1,-272.13,-272.16,-272.18,-272.17,-272.15,-272.12,-272.07,-272.01,-271.97,-271.98,-271.99,-272,-272.02,-272.05,-272.11,-272.17,-272.21,-272.2,-272.22,-272.29,-272.32,-272.3,-272.29,-272.31,-272.36,-272.44,-272.5,-272.54,-272.57,-272.6,-272.59,-272.56,-272.62,-272.61,-272.54,-272.55,-999,-999,-999,-999,-999,-999,-999,-999,-999,-999,-999,-999,-272.95,-272.89,-272.86,-272.87,-272.88,-272.8,-272.68,-272.55,-272.46,-272.4,-272.36,-272.33,-272.33,-272.36,-272.37,-272.4,-272.44,-272.47,-272.48,-272.45,-272.41,-272.38,-272.4,-999,-999,-999,-999,-999,-999,-999,-999,-999,-999,-999,-999,-999,-999,-999,-272.52,-272.46,-272.62,-272.62,-272.66,-272.7,-272.7,-272.7,-272.72,-272.76,-272.79,-272.8,-272.79,-272.79,-272.82,-272.84,-272.85,-272.85,-272.8,-272.7,-272.55,-999,-999,-272.74,-272.89,-999,-999,-999,-999,-272.58,-272.48,-999,-272.54,-272.46,-272.36,-272.35,-272.32,-272.28,-272.25,-272.24,-272.22,-272.23,-272.25,-272.21,-272.18,-272.16,-272.11,-272.07,-272.03,-271.98,-271.95,-271.93,-271.96,-272,1.25
-1.25,-272.29,-272.32,-272.33,-272.34,-272.36,-272.41,-272.44,-272.43,-272.42,-272.4,-272.35,-272.28,-272.26,-272.27,-272.28,-272.27,-272.28,-272.3,-272.31,-272.31,-272.25,-272.22,-272.25,-272.27,-272.25,-272.22,-272.21,-272.15,-272.09,-272.12,-272.15,-272.18,-272.19,-272.22,-272.16,-272.17,-272.58,-272.57,-272.6,-999,-999,-999,-999,-999,-999,-999,-999,-999,-999,-999,-999,-999,-999,-999,-272.86,-272.86,-272.81,-272.74,-272.67,-272.6,-272.51,-272.45,-272.4,-272.36,-272.35,-272.37,-272.38,-272.39,-272.39,-272.38,-272.34,-272.29,-272.27,-272.24,-272.25,-999,-999,-999,-999,-999,-999,-999,-999,-999,-999,-999,-999,-999,-999,-272.69,-272.55,-272.57,-272.63,-272.58,-272.6,-272.63,-272.7,-272.72,-272.72,-272.74,-272.77,-272.77,-272.77,-272.73,-272.71,-272.71,-272.72,-272.69,-272.61,-272.5,-272.39,-272.36,-999,-999,-272.81,-272.96,-999,-999,-999,-272.54,-999,-272.56,-272.55,-272.57,-999,-999,-272.19,-272.2,-272.25,-272.32,-272.36,-272.41,-272.44,-272.42,-272.37,-272.33,-272.3,-272.28,-272.25,-272.23,-272.2,-272.19,-272.2,-272.24,-1.25
-3.75,-272.54,-272.58,-272.63,-272.66,-272.69,-272.72,-272.71,-272.7,-272.7,-272.72,-272.7,-272.68,-272.64,-272.61,-272.6,-272.61,-272.58,-272.57,-272.56,-272.54,-272.51,-272.5,-272.49,-272.45,-272.42,-272.42,-272.42,-272.44,-272.47,-272.5,-272.51,-272.5,-272.48,-272.46,-272.45,-272.5,-272.49,-272.39,-272.44,-999,-999,-999,-999,-999,-999,-999,-999,-999,-999,-999,-999,-999,-999,-999,-999,-999,-999,-272.97,-272.87,-272.78,-272.71,-272.65,-272.61,-272.57,-272.55,-272.53,-272.51,-272.5,-272.5,-272.49,-272.43,-272.35,-272.32,-272.32,-272.29,-272.31,-999,-999,-999,-999,-999,-999,-999,-999,-999,-999,-999,-999,-272.65,-272.7,-272.64,-272.62,-272.53,-272.53,-272.51,-272.5,-272.53,-272.55,-272.56,-272.57,-272.59,-272.59,-272.6,-272.61,-272.63,-272.65,-272.64,-272.6,-272.52,-272.42,-272.31,-272.24,-272.18,-999,-999,-272.76,-272.79,-999,-999,-272.67,-999,-272.71,-272.78,-272.72,-272.69,-999,-999,-999,-999,-999,-272.33,-272.48,-999,-272.48,-272.46,-272.43,-272.38,-272.39,-272.42,-272.43,-272.43,-272.44,-272.48,-272.5,-3.75
-6.25,-272.55,-272.57,-272.63,-272.7,-272.78,-272.87,-272.86,-272.85,-272.85,-272.86,-272.88,-272.89,-272.9,-272.91,-272.9,-272.89,-272.87,-272.87,-272.87,-272.86,-272.84,-272.82,-272.8,-272.8,-272.81,-272.83,-272.85,-272.85,-272.87,-272.86,-272.84,-272.81,-272.76,-272.71,-272.66,-272.61,-272.53,-272.38,-272.31,-999,-999,-999,-999,-999,-999,-999,-999,-999,-999,-999,-999,-999,-999,-999,-999,-999,-999,-999,-273,-272.93,-272.88,-272.84,-272.8,-272.78,-272.74,-272.7,-272.66,-272.63,-272.59,-272.55,-272.52,-272.48,-272.46,-272.45,-272.4,-272.39,-272.38,-999,-999,-999,-999,-999,-999,-999,-999,-999,-999,-999,-272.6,-272.58,-272.52,-272.41,-272.37,-272.36,-272.34,-272.34,-272.37,-272.4,-272.42,-272.42,-272.42,-272.42,-272.43,-272.44,-272.46,-272.48,-272.5,-272.51,-272.49,-272.45,-272.35,-272.24,-272.15,-999,-999,-999,-272.75,-272.72,-272.67,-272.68,-272.72,-272.84,-272.83,-272.79,-272.75,-272.72,-272.64,-999,-999,-999,-999,-272.45,-999,-272.23,-272.32,-272.37,-272.34,-272.37,-272.4,-272.4,-272.4,-272.42,-272.46,-272.51,-6.25
-8.75,-272.45,-272.53,-272.6,-272.68,-272.77,-272.89,-272.95,-272.95,-272.96,-272.98,-273,-273.01,-273.03,-273.04,-273.05,-273.05,-273.03,-273.01,-272.99,-272.97,-272.96,-272.96,-272.96,-272.95,-272.96,-272.97,-272.97,-272.97,-272.97,-272.95,-272.9,-272.83,-272.77,-272.71,-272.66,-272.61,-272.55,-272.49,-272.46,-272.52,-999,-999,-999,-999,-999,-999,-999,-999,-999,-999,-999,-999,-999,-999,-999,-999,-999,-999,-273.11,-273.03,-273.01,-272.96,-272.92,-272.9,-272.85,-272.8,-272.75,-272.69,-272.66,-272.63,-272.58,-272.55,-272.52,-272.5,-272.45,-272.42,-272.4,-999,-999,-999,-999,-999,-999,-999,-999,-999,-999,-999,-272.55,-272.48,-272.45,-272.41,-272.37,-272.33,-272.3,-272.3,-272.32,-272.34,-272.35,-272.36,-272.38,-272.39,-272.41,-272.43,-272.45,-272.46,-272.46,-272.46,-272.46,-272.44,-272.4,-272.36,-272.33,-272.36,-272.38,-272.34,-272.34,-999,-272.68,-999,-999,-272.74,-272.72,-272.73,-272.77,-272.76,-272.79,-272.81,-999,-272.71,-272.58,-999,-272.31,-272.33,-272.29,-272.26,-272.21,-272.21,-272.22,-272.24,-272.23,-272.25,-272.29,-272.34,-8.75
-11.25,-272.24,-272.32,-272.39,-272.48,-272.58,-272.66,-272.74,-272.78,-272.81,-272.86,-272.88,-272.91,-272.95,-272.96,-272.95,-272.96,-272.95,-272.93,-272.92,-272.89,-272.89,-272.89,-272.9,-272.9,-272.9,-272.92,-272.93,-272.93,-272.94,-272.94,-272.91,-272.84,-272.77,-272.72,-272.68,-272.63,-272.59,-272.56,-272.55,-272.57,-272.61,-999,-999,-999,-999,-999,-999,-999,-999,-999,-999,-999,-999,-999,-999,-999,-999,-273.21,-273.21,-273.18,-273.17,-273.12,-273.07,-273.01,-272.95,-272.9,-272.84,-272.77,-272.71,-272.68,-272.64,-272.58,-272.56,-272.51,-272.48,-272.45,-272.4,-999,-999,-999,-999,-999,-999,-999,-999,-999,-999,-999,-999,-272.41,-272.39,-272.42,-272.4,-272.36,-272.34,-272.34,-272.35,-272.35,-272.35,-272.36,-272.39,-272.42,-272.46,-272.49,-272.51,-272.51,-272.52,-272.52,-272.5,-272.49,-272.49,-272.51,-272.54,-272.6,-272.67,-272.71,-272.76,-272.79,-272.81,-272.8,-272.82,-272.85,-272.86,-272.93,-999,-272.91,-272.95,-272.85,-272.73,-272.55,-272.53,-272.49,-272.37,-272.38,-272.29,-272.23,-272.2,-272.15,-272.11,-272.06,-272.04,-272.06,-272.07,-272.14,-11.25
-13.75,-272.01,-272.04,-272.12,-272.21,-272.3,-272.36,-272.41,-272.48,-272.55,-272.62,-272.68,-272.75,-272.81,-272.82,-272.82,-272.84,-272.85,-272.86,-272.86,-272.85,-272.83,-272.82,-272.83,-272.84,-272.86,-272.87,-272.9,-272.93,-272.93,-272.91,-272.88,-272.84,-272.77,-272.72,-272.69,-272.65,-272.6,-272.58,-272.55,-272.55,-272.63,-999,-999,-999,-999,-999,-999,-999,-999,-999,-999,-999,-999,-999,-999,-999,-999,-273.27,-273.35,-273.37,-273.36,-273.32,-273.27,-273.19,-273.11,-273.04,-272.97,-272.89,-272.8,-272.74,-272.69,-272.62,-272.58,-272.54,-272.5,-272.44,-272.38,-999,-999,-999,-999,-999,-999,-999,-999,-999,-999,-999,-999,-272.44,-272.42,-999,-272.4,-272.38,-272.37,-272.36,-272.36,-272.37,-272.37,-272.38,-272.39,-272.41,-272.44,-272.48,-272.51,-272.53,-272.57,-272.6,-272.61,-272.6,-272.59,-272.57,-272.56,-272.63,-272.7,-272.75,-272.81,-272.89,-272.92,-272.94,-272.93,-272.89,-999,-272.93,-999,-999,-999,-272.9,-999,-999,-272.53,-272.52,-272.58,-272.59,-272.5,-272.44,-272.36,-272.26,-272.19,-272.12,-272.03,-271.97,-271.95,-271.98,-13.75
-16.25,-271.8,-271.86,-271.88,-271.95,-271.99,-272.01,-272.06,-272.15,-272.24,-272.31,-272.38,-272.47,-272.58,-272.63,-272.66,-272.68,-272.7,-272.72,-272.76,-272.79,-272.8,-272.8,-272.79,-272.79,-272.8,-272.81,-272.85,-272.89,-272.9,-272.9,-272.89,-272.85,-272.81,-272.75,-272.72,-272.68,-272.65,-272.62,-272.57,-272.54,-272.59,-272.75,-999,-999,-999,-999,-999,-999,-999,-999,-999,-999,-999,-999,-999,-999,-999,-273.32,-273.41,-273.45,-273.46,-273.45,-273.4,-273.34,-273.26,-273.19,-273.11,-273,-272.89,-272.81,-272.74,-272.69,-272.64,-272.6,-272.51,-272.38,-272.33,-999,-999,-999,-999,-999,-999,-999,-999,-999,-999,-999,-999,-999,-999,-999,-272.38,-272.38,-272.34,-272.31,-272.3,-272.31,-272.35,-272.38,-272.39,-272.41,-272.43,-272.45,-272.47,-272.49,-272.54,-272.57,-272.6,-272.6,-272.6,-272.59,-272.61,-272.66,-272.73,-272.75,-272.75,-272.79,-272.83,-272.84,-272.85,-999,-999,-999,-999,-999,-999,-272.92,-999,-999,-999,-272.6,-272.58,-272.57,-272.55,-272.51,-272.49,-272.43,-272.33,-272.23,-272.1,-271.97,-271.88,-271.82,-16.25
-18.75,-271.74,-271.73,-271.73,-271.76,-271.79,-271.77,-271.76,-271.81,-271.89,-271.98,-272.04,-272.13,-272.28,-272.41,-272.51,-272.58,-272.64,-272.63,-272.65,-272.68,-272.72,-272.73,-272.73,-272.74,-272.74,-272.75,-272.78,-272.82,-272.86,-272.92,-272.96,-272.97,-272.95,-272.9,-272.85,-272.8,-272.76,-272.7,-272.63,-272.53,-272.48,-272.52,-272.65,-272.79,-999,-999,-999,-999,-999,-999,-999,-999,-999,-999,-999,-999,-272.88,-273.14,-273.34,-273.4,-273.44,-273.44,-273.42,-273.37,-273.29,-273.22,-273.15,-273.08,-273.01,-272.94,-272.86,-272.82,-272.76,-272.69,-272.57,-272.39,-272.26,-999,-999,-999,-999,-999,-999,-999,-999,-999,-999,-272.52,-272.52,-999,-999,-999,-272.36,-272.36,-272.34,-272.31,-272.28,-272.26,-272.29,-272.32,-272.35,-272.38,-272.41,-272.45,-272.48,-272.52,-272.56,-272.58,-272.6,-272.6,-272.58,-272.57,-272.61,-272.69,-272.76,-272.77,-272.75,-272.73,-272.71,-272.69,-999,-999,-999,-999,-999,-999,-999,-999,-999,-999,-999,-272.64,-272.61,-272.54,-272.5,-272.5,-272.47,-272.42,-272.36,-272.3,-272.25,-272.14,-271.97,-271.84,-18.75
-21.25,-271.83,-271.77,-271.72,-271.67,-271.62,-271.58,-271.56,-271.58,-271.63,-271.72,-271.81,-271.89,-271.98,-272.12,-272.29,-272.44,-272.57,-272.61,-272.63,-272.64,-272.68,-272.72,-272.72,-272.68,-272.66,-272.67,-272.69,-272.73,-272.79,-272.86,-272.93,-273,-273.03,-273.04,-273.02,-272.98,-272.94,-272.88,-272.79,-272.6,-272.44,-272.35,-272.5,-272.79,-999,-999,-999,-999,-999,-999,-999,-999,-999,-999,-999,-999,-272.53,-272.88,-273.08,-273.18,-273.23,-273.24,-273.26,-273.27,-273.23,-273.18,-273.11,-273.06,-273.03,-272.99,-272.97,-272.93,-272.89,-272.82,-272.69,-272.52,-272.31,-999,-999,-999,-999,-999,-999,-999,-999,-999,-272.47,-272.49,-272.44,-999,-999,-999,-272.36,-272.31,-272.31,-272.31,-272.29,-272.28,-272.28,-272.28,-272.29,-272.32,-272.36,-272.41,-272.46,-272.51,-272.56,-272.6,-272.62,-272.61,-272.58,-272.57,-272.57,-272.63,-272.71,-272.73,-272.69,-272.66,-999,-999,-999,-999,-999,-999,-999,-999,-999,-999,-999,-999,-999,-999,-999,-272.65,-272.52,-272.5,-272.5,-272.47,-272.39,-272.35,-272.31,-272.23,-272.09,-271.94,-21.25
-23.75,-272.01,-271.94,-271.86,-271.76,-271.67,-271.6,-271.55,-271.52,-271.52,-271.55,-271.6,-271.66,-271.72,-271.84,-271.99,-272.15,-272.31,-272.42,-272.49,-272.57,-272.63,-272.67,-272.71,-272.69,-272.64,-272.61,-272.59,-272.6,-272.65,-272.71,-272.78,-272.87,-272.95,-273,-273.04,-273.04,-273.03,-273,-272.92,-272.76,-272.56,-272.36,-272.41,-272.66,-999,-999,-999,-999,-999,-999,-999,-999,-999,-999,-272.2,-272.3,-272.26,-272.55,-272.75,-272.9,-272.96,-272.99,-273.01,-273.02,-273.04,-273.03,-273.01,-272.98,-272.96,-272.95,-272.95,-272.94,-272.92,-272.87,-272.79,-272.66,-272.45,-999,-999,-999,-999,-999,-999,-999,-999,-999,-272.51,-272.51,-272.45,-999,-999,-272.35,-272.35,-272.32,-272.29,-272.28,-272.27,-272.27,-272.29,-272.31,-272.31,-272.32,-272.35,-272.41,-272.45,-272.48,-272.5,-272.53,-272.55,-272.56,-272.56,-272.55,-272.54,-272.54,-272.6,-272.63,-272.61,-999,-999,-999,-999,-999,-999,-999,-999,-999,-999,-999,-999,-999,-999,-999,-999,-272.7,-272.59,-272.51,-272.49,-272.44,-272.39,-272.37,-272.34,-272.31,-272.24,-272.12,-23.75
-26.25,-272.19,-272.14,-272.09,-272.01,-271.92,-271.84,-271.73,-271.64,-271.6,-271.6,-271.59,-271.59,-271.6,-271.64,-271.75,-271.88,-272.01,-272.13,-272.24,-272.35,-272.44,-272.51,-272.56,-272.6,-272.62,-272.61,-272.55,-272.51,-272.53,-272.56,-272.61,-272.69,-272.76,-272.83,-272.89,-272.95,-273,-273.01,-272.97,-272.88,-272.7,-272.42,-272.35,-272.51,-999,-999,-999,-999,-999,-999,-999,-999,-999,-271.9,-271.89,-271.96,-272.01,-272.17,-272.41,-272.58,-272.7,-272.77,-272.81,-272.82,-272.79,-272.78,-272.8,-272.83,-272.85,-272.84,-272.85,-272.85,-272.87,-272.88,-272.84,-272.78,-272.63,-272.4,-999,-999,-999,-999,-999,-999,-999,-272.54,-272.66,-272.53,-272.52,-272.61,-272.59,-272.38,-272.35,-272.33,-272.31,-272.28,-272.27,-272.29,-272.31,-272.34,-272.37,-272.38,-272.4,-272.45,-272.45,-272.45,-272.44,-272.44,-272.46,-272.48,-272.47,-272.47,-272.46,-272.46,-272.49,-272.5,-272.5,-999,-999,-999,-999,-999,-999,-999,-999,-999,-999,-999,-999,-999,-999,-999,-999,-999,-272.71,-272.62,-272.56,-272.5,-272.44,-272.38,-272.38,-272.36,-272.32,-272.25,-26.25
-28.75,-272.3,-272.25,-272.2,-272.14,-272.05,-271.97,-271.89,-271.79,-271.7,-271.66,-271.64,-271.63,-271.59,-271.59,-271.63,-271.68,-271.79,-271.92,-272.02,-272.13,-272.21,-272.28,-272.37,-272.4,-272.45,-272.5,-272.5,-272.48,-272.46,-272.46,-272.48,-272.51,-272.55,-272.6,-272.68,-272.77,-272.84,-272.9,-272.93,-272.91,-272.77,-272.51,-272.37,-999,-999,-999,-999,-999,-999,-999,-999,-999,-999,-271.71,-271.69,-271.73,-271.74,-271.88,-272.08,-272.25,-272.43,-272.55,-272.64,-272.7,-272.72,-272.72,-272.74,-272.76,-272.74,-272.69,-272.7,-272.73,-272.77,-272.81,-272.83,-272.83,-272.77,-272.65,-999,-999,-999,-999,-999,-999,-999,-272.61,-272.7,-272.55,-272.5,-272.55,-272.53,-272.42,-272.34,-272.31,-272.32,-272.32,-272.29,-272.3,-272.32,-272.35,-272.38,-272.41,-272.46,-272.51,-272.51,-272.49,-272.45,-272.42,-272.41,-272.4,-272.41,-272.39,-272.38,-272.4,-272.46,-272.46,-272.43,-999,-999,-999,-999,-999,-999,-999,-999,-999,-999,-999,-999,-999,-999,-999,-999,-999,-272.78,-272.69,-272.62,-272.56,-272.49,-272.44,-272.45,-272.44,-272.39,-272.36,-28.75
-31.25,-272.28,-272.24,-272.22,-272.18,-272.09,-272,-271.94,-271.89,-271.8,-271.7,-271.64,-271.63,-271.66,-271.66,-271.66,-271.65,-271.68,-271.78,-271.91,-272.02,-272.13,-272.19,-272.29,-272.35,-272.42,-272.46,-272.48,-272.49,-272.47,-272.42,-272.4,-272.41,-272.44,-272.46,-272.48,-272.54,-272.61,-272.69,-272.78,-272.86,-272.83,-272.6,-272.36,-999,-999,-999,-999,-999,-999,-999,-999,-999,-271.72,-271.63,-271.67,-271.64,-271.68,-271.82,-271.98,-272.12,-272.25,-272.39,-272.52,-272.65,-272.76,-272.82,-272.84,-272.8,-272.72,-272.64,-272.63,-272.68,-272.71,-272.75,-272.79,-272.83,-272.81,-272.74,-272.64,-999,-999,-999,-999,-999,-999,-272.66,-272.51,-272.56,-272.54,-272.51,-272.49,-272.45,-272.35,-272.29,-272.31,-272.35,-272.37,-272.37,-272.34,-272.34,-272.34,-272.34,-272.34,-272.38,-272.39,-272.37,-272.38,-272.39,-272.37,-272.35,-272.35,-272.36,-272.36,-272.4,-272.45,-272.45,-272.43,-272.5,-999,-999,-999,-999,-999,-999,-999,-999,-999,-999,-999,-999,-999,-999,-999,-999,-272.74,-272.65,-272.61,-272.55,-272.5,-272.46,-272.47,-272.46,-272.41,-272.34,-31.25
-33.75,-272.3,-272.25,-272.2,-272.17,-272.13,-272.06,-271.97,-271.88,-271.8,-271.73,-271.72,-271.71,-271.72,-271.75,-271.78,-271.81,-271.83,-271.87,-271.95,-272.06,-272.19,-272.28,-272.33,-272.39,-272.45,-272.49,-272.5,-272.51,-272.52,-272.46,-272.41,-272.4,-272.41,-272.42,-272.44,-272.45,-272.47,-272.54,-272.66,-272.78,-272.83,-272.59,-272.25,-999,-999,-999,-999,-999,-999,-999,-999,-271.73,-271.61,-271.7,-271.68,-271.62,-271.62,-271.74,-271.94,-272.12,-272.3,-272.46,-272.6,-272.75,-272.85,-272.88,-272.82,-272.74,-272.68,-272.62,-272.65,-272.71,-272.73,-272.74,-272.79,-272.81,-272.79,-272.75,-272.69,-999,-999,-999,-999,-272.76,-272.75,-272.62,-272.57,-272.58,-272.53,-272.45,-272.42,-272.43,-272.38,-272.34,-272.33,-272.3,-272.29,-272.3,-272.31,-272.32,-272.33,-272.31,-272.25,-272.18,-272.16,-272.16,-272.18,-272.2,-272.21,-272.2,-272.21,-272.26,-272.35,-272.45,-272.52,-272.54,-272.56,-272.58,-999,-999,-999,-999,-272.95,-272.88,-272.73,-272.57,-999,-999,-999,-999,-999,-999,-999,-272.64,-272.63,-272.51,-272.44,-272.41,-272.37,-272.3,-272.38,-272.41,-272.42,-272.36,-33.75
-36.25,-272.36,-272.27,-272.19,-272.13,-272.07,-271.98,-271.87,-271.8,-271.74,-271.74,-271.75,-271.78,-271.8,-271.85,-271.91,-271.98,-272.04,-272.07,-272.12,-272.21,-272.32,-272.43,-272.46,-272.43,-272.41,-272.42,-272.45,-272.46,-272.5,-272.49,-272.49,-272.51,-272.49,-272.5,-272.5,-272.5,-272.5,-272.52,-272.59,-272.7,-272.76,-272.64,-272.33,-999,-999,-999,-999,-999,-999,-271.67,-271.71,-271.64,-271.72,-271.74,-271.74,-271.71,-271.69,-271.79,-271.94,-272.1,-272.29,-272.48,-272.63,-272.75,-272.81,-272.78,-272.72,-272.68,-272.69,-272.71,-272.79,-272.82,-272.81,-272.83,-272.83,-272.78,-272.75,-272.77,-272.81,-272.8,-272.82,-272.84,-272.84,-272.8,-272.68,-272.6,-272.54,-272.46,-272.35,-272.25,-272.23,-272.24,-272.24,-272.21,-272.2,-272.19,-272.19,-272.19,-272.17,-272.19,-272.2,-272.17,-272.13,-272.1,-272.05,-272.04,-272.06,-272.09,-272.09,-272.08,-272.11,-272.17,-272.3,-272.43,-272.53,-272.57,-272.6,-272.61,-272.65,-272.72,-272.83,-272.89,-272.87,-272.82,-272.7,-272.58,-272.48,-999,-999,-999,-999,-999,-272.44,-272.53,-272.4,-272.35,-272.29,-272.28,-272.27,-272.2,-272.18,-999,-999,-272.36,-36.25
-38.75,-272.34,-272.25,-272.12,-272.06,-272,-271.91,-271.78,-271.67,-271.62,-271.62,-271.67,-271.73,-271.8,-271.89,-272.02,-272.16,-272.27,-272.34,-272.37,-272.42,-272.51,-272.59,-272.63,-272.6,-272.49,-272.43,-272.43,-272.42,-272.47,-272.53,-272.56,-272.62,-272.64,-272.6,-272.59,-272.58,-272.57,-272.58,-272.61,-272.67,-272.71,-272.67,-999,-999,-999,-999,-999,-999,-999,-271.62,-271.66,-271.73,-271.76,-271.75,-271.78,-271.79,-271.82,-271.87,-271.93,-272.02,-272.13,-272.25,-272.39,-272.52,-272.6,-272.65,-272.65,-272.67,-272.73,-272.8,-272.92,-272.97,-272.95,-272.96,-272.96,-272.91,-272.9,-272.99,-272.94,-272.92,-272.91,-272.93,-272.89,-272.82,-272.73,-272.62,-272.54,-272.49,-272.42,-272.27,-272.17,-272.12,-272.1,-272.08,-272.07,-272.04,-272.06,-272.07,-272.03,-272.04,-272.07,-272.05,-271.98,-271.97,-271.98,-271.99,-271.99,-272.02,-272.06,-272.08,-272.09,-272.12,-272.19,-272.29,-272.37,-272.41,-272.44,-272.47,-272.53,-272.61,-272.64,-272.64,-272.65,-272.68,-272.66,-272.61,-272.52,-272.44,-272.4,-272.39,-999,-272.33,-272.3,-272.25,-272.18,-272.17,-272.16,-272.14,-272.08,-271.99,-271.9,-999,-999,-272.26,-38.75
-41.25,-272.15,-272.07,-272.02,-271.97,-271.9,-271.81,-271.73,-271.64,-271.59,-271.59,-271.64,-271.69,-271.77,-271.9,-272.05,-272.23,-272.38,-272.47,-272.54,-272.61,-272.7,-272.78,-272.82,-272.75,-272.63,-272.57,-272.56,-272.59,-272.65,-272.68,-272.7,-272.72,-272.75,-272.71,-272.66,-272.62,-272.61,-272.58,-272.58,-272.62,-272.69,-272.67,-999,-999,-999,-999,-999,-271.86,-271.54,-271.64,-271.73,-271.86,-271.87,-271.89,-271.9,-271.92,-271.95,-272.01,-272.05,-272.03,-272.06,-272.09,-272.09,-272.13,-272.12,-272.13,-272.6,-272.64,-272.65,-272.71,-272.77,-272.83,-272.93,-273.04,-273,-272.91,-272.87,-272.98,-273,-272.84,-272.76,-272.74,-272.72,-272.73,-272.74,-272.61,-272.4,-272.33,-272.54,-272.54,-272.4,-272.3,-272.29,-272.27,-272.22,-272.12,-272.02,-271.99,-271.97,-271.92,-271.93,-272,-271.96,-271.95,-271.96,-272,-272.01,-272.04,-272.09,-272.14,-272.15,-272.18,-272.22,-272.26,-272.29,-272.31,-272.36,-272.41,-272.46,-272.51,-272.54,-272.54,-272.53,-272.51,-272.47,-272.43,-272.39,-272.35,-272.3,-272.24,-999,-272.22,-272.06,-271.98,-271.96,-271.98,-271.98,-271.97,-271.87,-271.75,-271.7,-999,-999,-272.2,-41.25
-43.75,-271.7,-271.68,-271.81,-271.85,-271.78,-271.71,-271.67,-271.64,-271.63,-271.65,-271.7,-271.76,-271.83,-271.92,-272.03,-272.18,-272.33,-272.45,-272.58,-272.71,-272.83,-272.95,-273,-272.96,-272.85,-272.74,-272.69,-272.71,-272.74,-272.78,-272.82,-272.81,-272.8,-272.79,-272.73,-272.68,-272.64,-272.6,-272.58,-272.58,-272.63,-272.62,-272.47,-999,-999,-999,-272.24,-272.24,-272.32,-271.76,-271.82,-272.01,-272.02,-272.06,-272.11,-272.11,-272.12,-272.14,-272.21,-272.22,-272.22,-272.25,-272.17,-272.05,-271.92,-271.82,-272.14,-272.5,-272.47,-272.48,-272.53,-272.53,-272.57,-272.71,-272.87,-272.9,-272.87,-272.9,-272.82,-272.72,-272.67,-272.65,-272.65,-272.64,-272.56,-272.39,-272.29,-272.28,-272.39,-272.49,-272.4,-272.2,-272.17,-272.24,-272.46,-272.42,-272.29,-272.22,-272.16,-272.01,-271.94,-271.98,-271.97,-272,-272.01,-272.03,-272.09,-272.14,-272.17,-272.23,-272.28,-272.3,-272.32,-272.34,-272.34,-272.34,-272.37,-272.4,-272.45,-272.49,-272.51,-272.51,-272.5,-272.5,-272.47,-272.39,-272.29,-272.23,-272.16,-272.1,-272.05,-272.01,-271.95,-271.93,-271.88,-271.87,-271.85,-271.77,-271.66,-999,-999,-271.9,-271.88,-271.8,-43.75
-46.25,-271.47,-271.53,-271.61,-271.66,-271.65,-271.63,-271.63,-271.64,-271.66,-271.71,-271.74,-271.76,-271.85,-271.94,-272.02,-272.09,-272.18,-272.29,-272.44,-272.57,-272.73,-272.9,-273.01,-273.06,-273.04,-272.96,-272.86,-272.8,-272.8,-272.83,-272.86,-272.85,-272.85,-272.88,-272.8,-272.74,-272.69,-272.64,-272.58,-272.58,-272.65,-272.67,-999,-999,-999,-272.32,-272.31,-272.43,-272.61,-272.48,-272.38,-272.35,-272.39,-272.34,-272.36,-272.34,-272.37,-272.4,-272.45,-272.46,-272.5,-272.54,-272.48,-272.48,-272.25,-272.11,-272,-272.01,-272.14,-272.16,-272.25,-272.35,-272.34,-272.36,-272.49,-272.56,-272.73,-272.77,-272.73,-272.65,-272.63,-272.59,-272.57,-272.52,-272.42,-272.32,-272.28,-272.3,-272.32,-272.31,-272.28,-272.22,-272.19,-272.3,-272.54,-272.5,-272.23,-271.96,-271.8,-271.82,-271.8,-271.83,-271.92,-271.96,-272.03,-272.14,-272.23,-272.28,-272.27,-272.26,-272.31,-272.35,-272.37,-272.39,-272.38,-272.39,-272.41,-272.44,-272.45,-272.47,-272.48,-272.51,-272.52,-272.5,-272.46,-272.42,-272.4,-272.36,-272.27,-272.17,-272.08,-272.03,-272.05,-272.04,-272.02,-271.96,-271.89,-271.75,-271.6,-999,-999,-271.79,-271.73,-271.62,-46.25
-48.75,-271.68,-271.77,-272.02,-271.99,-271.89,-271.79,-271.83,-271.86,-271.83,-271.82,-271.85,-271.92,-271.99,-272.04,-272.07,-272.1,-272.15,-272.23,-272.29,-272.4,-272.54,-272.67,-272.81,-272.91,-272.95,-272.98,-272.96,-272.87,-272.84,-272.87,-272.87,-272.84,-272.83,-272.85,-272.84,-272.82,-272.78,-272.75,-272.67,-272.62,-272.68,-272.73,-999,-999,-999,-999,-272.44,-272.53,-272.61,-272.67,-272.69,-272.63,-272.63,-272.64,-272.63,-272.63,-272.59,-272.56,-272.54,-272.53,-272.48,-272.47,-272.47,-272.45,-272.38,-272.24,-272.14,-272.12,-272.37,-272.28,-272.14,-272.2,-272.2,-272.24,-272.31,-272.32,-272.5,-272.53,-272.62,-272.61,-272.62,-272.6,-272.54,-272.52,-272.45,-272.38,-272.26,-272.24,-272.31,-272.39,-272.46,-272.44,-272.39,-272.37,-272.48,-272.49,-271.96,-271.72,-271.82,-271.87,-271.9,-271.9,-272.02,-272.22,-272.35,-272.37,-272.44,-272.43,-272.35,-272.34,-272.39,-272.38,-272.34,-272.34,-272.39,-272.39,-272.42,-272.49,-272.51,-272.51,-272.53,-272.57,-272.56,-272.54,-272.47,-272.42,-272.44,-272.5,-272.53,-272.45,-272.38,-272.34,-272.31,-272.27,-272.22,-272.16,-272.09,-271.97,-271.9,-272,-272.04,-272.05,-271.95,-271.87,-48.75
-51.25,-272.31,-272.28,-272.31,-272.31,-272.26,-272.24,-272.28,-272.32,-272.33,-272.31,-272.33,-272.35,-272.43,-272.46,-272.44,-272.39,-272.31,-272.3,-272.29,-272.38,-272.48,-272.56,-272.66,-272.73,-272.76,-272.78,-272.88,-272.86,-272.84,-272.85,-272.85,-272.8,-272.82,-272.84,-272.82,-272.84,-272.86,-272.86,-272.83,-272.77,-272.78,-272.8,-999,-999,-999,-272.53,-272.6,-272.63,-999,-272.71,-272.79,-272.82,-272.78,-272.71,-272.65,-272.63,-272.56,-272.56,-272.55,-272.53,-272.49,-272.46,-272.44,-272.46,-272.49,-272.45,-272.36,-272.28,-272.43,-272.5,-272.43,-272.45,-272.42,-272.4,-272.38,-272.35,-272.31,-272.48,-272.49,-272.46,-272.48,-272.45,-272.36,-272.35,-272.35,-272.3,-272.22,-272.29,-272.39,-272.43,-272.46,-272.44,-272.45,-272.46,-272.49,-272.47,-272.16,-271.88,-271.82,-271.82,-271.82,-271.87,-271.86,-271.95,-272.54,-272.81,-272.59,-272.67,-272.44,-272.46,-272.57,-272.54,-272.48,-272.45,-272.44,-272.43,-272.45,-272.5,-272.56,-272.59,-272.63,-272.64,-272.6,-272.58,-272.58,-272.58,-272.58,-272.6,-272.64,-272.63,-272.59,-272.57,-272.56,-272.5,-272.42,-272.36,-272.31,-272.25,-272.29,-272.34,-272.4,-272.48,-272.47,-272.37,-51.25
-53.75,-272.61,-272.58,-272.54,-272.51,-272.51,-272.51,-272.54,-272.6,-272.64,-272.67,-272.66,-272.65,-272.67,-272.69,-272.68,-272.66,-272.66,-272.64,-272.62,-272.53,-272.51,-272.6,-272.65,-272.69,-272.75,-272.85,-272.9,-272.86,-272.82,-272.84,-272.84,-272.81,-272.83,-272.83,-272.84,-272.89,-272.93,-272.98,-273,-272.99,-272.97,-272.91,-272.87,-999,-999,-999,-272.81,-272.78,-272.82,-272.87,-272.9,-272.91,-272.89,-272.82,-272.69,-272.6,-272.57,-272.58,-272.56,-272.51,-272.47,-272.46,-272.46,-272.49,-272.52,-272.53,-272.53,-272.52,-272.55,-272.6,-272.62,-272.62,-272.59,-272.56,-272.55,-272.52,-272.45,-272.48,-272.48,-272.46,-272.46,-272.42,-272.34,-272.25,-272.29,-272.25,-272.21,-272.3,-272.38,-272.42,-272.42,-272.42,-272.41,-272.44,-272.48,-272.47,-272.35,-272.15,-271.96,-271.8,-271.67,-271.55,-271.36,-271.66,-271.98,-271.93,-272.13,-272.46,-272.5,-272.35,-272.38,-272.51,-272.53,-272.51,-272.52,-272.52,-272.53,-272.62,-272.71,-272.73,-272.72,-272.69,-272.66,-272.66,-272.67,-272.67,-272.66,-272.65,-272.67,-272.68,-272.68,-272.7,-272.71,-272.65,-272.55,-272.48,-272.48,-272.49,-272.42,-272.47,-272.53,-272.6,-272.65,-272.63,-53.75
-56.25,-272.78,-272.75,-272.72,-272.71,-272.73,-272.72,-272.71,-272.74,-272.75,-272.75,-272.78,-272.81,-272.85,-272.86,-272.82,-272.78,-272.82,-272.85,-272.8,-272.75,-272.67,-272.62,-272.67,-272.73,-272.81,-272.89,-272.96,-272.97,-272.92,-272.89,-272.9,-272.94,-272.96,-272.96,-272.97,-272.99,-273.02,-273.05,-273.07,-273.08,-273.09,-273.1,-273.04,-272.98,-272.96,-272.98,-272.86,-272.85,-272.88,-272.92,-272.98,-273.01,-272.95,-272.92,-272.84,-272.74,-272.69,-272.68,-272.64,-272.55,-272.51,-272.47,-272.46,-272.51,-272.55,-272.6,-272.64,-272.66,-272.64,-272.61,-272.59,-272.57,-272.55,-272.51,-272.47,-272.42,-272.41,-272.41,-272.41,-272.41,-272.4,-272.3,-272.2,-272.19,-272.25,-272.22,-272.2,-272.25,-272.35,-272.39,-272.39,-272.39,-272.42,-272.44,-272.47,-272.47,-272.38,-272.22,-272.02,-271.79,-271.62,-271.58,-271.73,-271.99,-272.11,-271.99,-271.94,-272.14,-272.38,-272.44,-272.42,-272.46,-272.54,-272.6,-272.66,-272.69,-272.74,-272.78,-272.75,-272.72,-272.72,-272.68,-272.66,-272.68,-272.7,-272.71,-272.71,-272.69,-272.72,-272.75,-272.78,-272.8,-272.78,-272.75,-272.69,-272.66,-272.75,-272.84,-272.84,-272.83,-272.81,-272.79,-272.8,-272.79,-56.25
-58.75,-272.92,-272.9,-272.86,-272.84,-272.8,-272.79,-272.77,-272.75,-272.75,-272.75,-272.83,-272.95,-273.03,-273.04,-272.99,-272.91,-272.87,-272.84,-272.79,-272.78,-272.79,-272.81,-272.88,-272.93,-272.98,-273.06,-273.11,-273.14,-273.12,-273.1,-273.11,-273.13,-273.14,-273.14,-273.13,-273.13,-273.12,-273.09,-273.08,-273.08,-273.08,-273.08,-273.03,-272.93,-272.78,-272.67,-272.77,-272.9,-272.98,-273.02,-272.98,-272.91,-272.82,-272.75,-272.76,-272.77,-272.76,-272.75,-272.72,-272.71,-272.73,-272.66,-272.57,-272.74,-272.77,-272.78,-272.76,-272.71,-272.68,-272.63,-272.58,-272.51,-272.46,-272.41,-272.33,-272.23,-272.15,-272.11,-272.15,-272.17,-272.16,-272.17,-272.22,-272.24,-272.24,-272.25,-272.3,-272.36,-272.41,-272.43,-272.43,-272.43,-272.42,-272.43,-272.46,-272.47,-272.43,-272.3,-272.06,-271.72,-271.66,-272.22,-272.42,-272.39,-272.47,-272.54,-272.53,-272.47,-272.56,-272.6,-272.6,-272.59,-272.62,-272.69,-272.73,-272.73,-272.72,-272.69,-272.64,-272.59,-272.55,-272.57,-272.6,-272.6,-272.63,-272.7,-272.74,-272.75,-272.77,-272.79,-272.82,-272.91,-272.95,-272.91,-272.89,-272.85,-272.83,-272.86,-272.9,-272.95,-272.99,-272.99,-272.99,-272.93,-58.75
-61.25,-272.99,-272.94,-272.86,-272.8,-272.76,-272.72,-272.7,-272.71,-272.74,-272.83,-272.95,-273.06,-273.16,-273.23,-273.24,-273.17,-273.11,-273.16,-273.26,-273.37,-273.48,-273.47,-273.46,-273.41,-273.37,-273.4,-273.41,-273.37,-273.37,-273.37,-273.33,-273.28,-273.25,-273.23,-273.22,-273.2,-273.14,-273.08,-273.04,-272.98,-272.96,-272.95,-272.86,-272.75,-272.63,-272.52,-272.54,-272.63,-272.68,-272.75,-272.82,-272.82,-272.79,-272.79,-272.81,-272.84,-272.86,-272.88,-272.92,-272.95,-272.96,-272.97,-272.94,-272.92,-272.89,-272.87,-272.83,-272.78,-272.74,-272.72,-272.67,-272.6,-272.53,-272.44,-272.34,-272.24,-272.15,-272.05,-271.97,-271.97,-272.01,-272.13,-272.2,-272.24,-272.31,-272.4,-272.47,-272.52,-272.53,-272.51,-272.46,-272.4,-272.38,-272.41,-272.45,-272.45,-272.35,-272.15,-271.86,-271.69,-271.93,-272.42,-272.7,-272.81,-272.87,-272.92,-272.96,-272.92,-272.88,-272.87,-272.87,-272.85,-272.81,-272.78,-272.75,-272.68,-272.62,-272.55,-272.49,-272.43,-272.39,-272.4,-272.44,-272.49,-272.56,-272.63,-272.68,-272.74,-272.82,-272.88,-272.91,-272.95,-273.02,-273.01,-272.99,-272.97,-272.91,-272.86,-272.84,-272.88,-272.96,-273.01,-273.03,-273.02,-61.25
-63.75,-272.79,-272.8,-272.81,-272.83,-272.85,-272.87,-272.9,-272.94,-273.01,-273.09,-273.17,-273.28,-273.38,-273.43,-273.43,-273.45,-273.51,-273.61,-273.72,-273.84,-273.9,-273.87,-273.87,-273.82,-273.77,-273.74,-273.7,-273.65,-273.61,-273.54,-273.44,-273.33,-273.3,-273.3,-273.3,-273.24,-273.17,-273.13,-273.11,-273.04,-272.96,-272.88,-272.77,-272.67,-272.58,-272.5,-999,-999,-999,-999,-273.01,-273,-273,-272.99,-272.99,-273,-273.01,-273.02,-273.03,-273.02,-272.99,-272.96,-272.96,-272.95,-272.94,-272.92,-272.89,-272.85,-272.83,-272.81,-272.79,-272.77,-272.73,-272.68,-272.62,-272.55,-272.48,-272.4,-272.33,-272.27,-272.25,-272.28,-272.32,-272.37,-272.42,-272.47,-272.5,-272.52,-272.53,-272.51,-272.48,-272.46,-272.47,-272.49,-272.5,-272.47,-272.44,-272.43,-272.44,-272.45,-272.47,-272.57,-272.71,-272.83,-272.9,-272.94,-272.96,-273,-273.02,-273.01,-272.99,-272.96,-272.91,-272.88,-272.88,-272.85,-272.83,-272.83,-272.82,-272.8,-272.79,-272.78,-272.79,-272.8,-272.79,-272.81,-272.88,-272.94,-272.98,-273.03,-273.07,-273.12,-273.14,-273.09,-273.05,-273.02,-272.99,-272.93,-272.87,-272.78,-272.72,-272.68,-272.72,-272.79,-63.75
-66.25,-272.92,-272.94,-272.97,-273.01,-273.06,-273.11,-273.16,-273.21,-273.25,-273.3,-273.37,-273.47,-273.56,-273.61,-273.6,-273.6,-273.61,-273.64,-273.68,-273.71,-273.71,-273.68,-273.67,-273.68,-273.7,-273.72,-273.75,-273.72,-273.63,-273.54,-273.46,-273.4,-273.35,-273.3,-273.26,-273.24,-273.23,-273.18,-273.09,-273,-272.91,-272.81,-272.72,-272.69,-272.7,-999,-999,-999,-272.88,-272.95,-273.01,-273.04,-273.07,-273.08,-273.09,-273.08,-273.06,-273.06,-273.06,-273.03,-273,-272.98,-272.97,-272.98,-272.97,-272.95,-272.93,-272.93,-272.93,-272.92,-272.92,-272.92,-272.91,-272.89,-272.85,-272.8,-272.75,-272.69,-272.63,-272.57,-272.53,-272.5,-272.48,-272.47,-272.46,-272.49,-272.53,-272.54,-272.58,-272.63,-272.67,-272.7,-999,-999,-999,-272.88,-272.85,-272.87,-272.89,-272.88,-272.87,-272.87,-272.89,-272.93,-272.96,-272.98,-999,-999,-273.04,-999,-999,-999,-999,-999,-999,-999,-999,-999,-999,-272.96,-272.98,-273,-999,-273.02,-999,-999,-999,-273.06,-273.05,-273.03,-273.03,-273.02,-273.02,-273.03,-273.06,-273.08,-273.08,-273.06,-273.05,-273.03,-273.01,-272.97,-272.94,-272.93,-66.25
-68.75,-272.99,-272.99,-273.01,-273.04,-273.09,-273.13,-273.18,-273.21,-273.25,-273.3,-273.35,-273.39,-273.43,-273.46,-273.48,-273.49,-273.49,-273.48,-273.46,-273.44,-273.41,-273.39,-273.37,-273.34,-273.31,-273.29,-273.29,-273.25,-273.2,-273.16,-273.13,-273.1,-273.06,-273.01,-272.96,-272.96,-273.02,-273.07,-273.06,-272.99,-272.87,-272.8,-272.81,-999,-999,-999,-999,-999,-272.89,-272.96,-273.03,-273.07,-273.1,-273.12,-273.13,-273.13,-273.12,-273.11,-273.08,-273.05,-273.02,-273.01,-272.99,-272.96,-272.92,-272.9,-272.9,-272.91,-272.91,-272.91,-272.91,-272.91,-272.9,-272.89,-272.87,-272.84,-272.81,-999,-999,-272.65,-272.59,-272.52,-272.45,-999,-999,-999,-999,-999,-999,-999,-999,-999,-999,-999,-999,-999,-999,-999,-999,-999,-999,-999,-999,-999,-999,-999,-999,-999,-999,-999,-999,-999,-999,-999,-999,-999,-999,-999,-999,-999,-999,-999,-999,-999,-999,-999,-999,-999,-999,-999,-999,-999,-999,-999,-999,-999,-273.15,-273.19,-273.22,-273.22,-273.17,-273.09,-273.02,-272.99,-68.75
-71.25,-272.95,-272.94,-272.97,-273,-273.03,-273.05,-273.05,-273.07,-273.09,-273.13,-273.16,-273.18,-273.2,-273.21,-273.24,-273.25,-273.25,-273.22,-273.17,-273.1,-273.07,-273.05,-273.06,-273.08,-273.12,-273.16,-273.2,-273.22,-273.24,-273.28,-273.29,-273.17,-999,-273.02,-272.98,-272.94,-272.92,-272.92,-272.91,-272.88,-272.87,-999,-999,-999,-999,-999,-999,-999,-273.04,-273.02,-273.06,-273.11,-273.15,-273.17,-273.18,-273.17,-273.14,-273.11,-273.06,-273.01,-272.97,-272.94,-272.9,-272.86,-272.85,-272.86,-272.87,-999,-999,-999,-999,-999,-999,-999,-999,-999,-999,-999,-999,-999,-999,-999,-999,-999,-999,-999,-999,-999,-999,-999,-999,-999,-999,-999,-999,-999,-999,-999,-999,-999,-999,-999,-999,-999,-999,-999,-999,-999,-999,-999,-999,-999,-999,-999,-999,-999,-999,-999,-999,-999,-999,-999,-999,-999,-999,-999,-999,-999,-999,-999,-999,-999,-999,-999,-999,-999,-999,-999,-999,-999,-273.17,-273.1,-273.04,-272.99,-71.25
-73.75,-272.92,-272.84,-272.85,-272.87,-272.9,-272.91,-272.92,-272.93,-272.93,-272.93,-272.94,-272.93,-272.93,-272.93,-272.93,-272.95,-272.99,-273.04,-999,-999,-999,-999,-999,-999,-999,-999,-999,-999,-273.34,-273.35,-273.36,-999,-999,-999,-999,-999,-999,-999,-999,-999,-999,-999,-999,-999,-999,-999,-999,-999,-273.08,-273.08,-273.09,-273.11,-273.11,-273.11,-273.1,-273.08,-273.05,-273.02,-272.99,-272.96,-272.94,-272.91,-999,-999,-999,-999,-999,-999,-999,-999,-999,-999,-999,-999,-999,-999,-999,-999,-999,-999,-999,-999,-999,-999,-999,-999,-999,-999,-999,-999,-999,-999,-999,-999,-999,-999,-999,-999,-999,-999,-999,-999,-999,-999,-999,-999,-999,-999,-999,-999,-999,-999,-999,-999,-999,-999,-999,-999,-999,-999,-999,-999,-999,-999,-999,-999,-999,-999,-999,-999,-999,-999,-999,-999,-999,-999,-999,-999,-999,-999,-273.08,-273.06,-273.01,-272.97,-73.75
-76.25,-272.78,-272.68,-272.66,-272.69,-272.73,-272.76,-272.78,-272.79,-272.79,-272.79,-272.8,-272.81,-999,-999,-999,-999,-999,-999,-999,-999,-999,-999,-999,-999,-999,-999,-999,-999,-999,-999,-999,-999,-999,-999,-999,-999,-999,-999,-999,-999,-999,-999,-999,-999,-999,-999,-999,-999,-999,-999,-999,-999,-273.12,-273.11,-273.1,-273.08,-273.06,-273.04,-273.01,-272.98,-999,-999,-999,-999,-999,-999,-999,-999,-999,-999,-999,-999,-999,-999,-999,-999,-999,-999,-999,-999,-999,-999,-999,-999,-999,-999,-999,-999,-999,-999,-999,-999,-999,-999,-999,-999,-999,-999,-999,-999,-999,-999,-999,-999,-999,-999,-999,-999,-999,-999,-999,-999,-999,-999,-999,-999,-999,-999,-999,-999,-999,-999,-999,-999,-999,-999,-999,-999,-999,-999,-999,-999,-999,-999,-999,-999,-999,-999,-273.01,-273.01,-273.01,-272.99,-272.94,-272.87,-76.25
-78.75,-999,-999,-999,-999,-999,-999,-999,-999,-999,-999,-999,-999,-999,-999,-999,-999,-999,-999,-999,-999,-999,-999,-999,-999,-999,-999,-999,-999,-999,-999,-999,-999,-999,-999,-999,-999,-999,-999,-999,-999,-999,-999,-999,-999,-999,-999,-999,-999,-999,-999,-999,-999,-999,-999,-999,-999,-999,-999,-999,-999,-999,-999,-999,-999,-999,-999,-999,-999,-999,-999,-999,-999,-999,-999,-999,-999,-999,-999,-999,-999,-999,-999,-999,-999,-999,-999,-999,-999,-999,-999,-999,-999,-999,-999,-999,-999,-999,-999,-999,-999,-999,-999,-999,-999,-999,-999,-999,-999,-999,-999,-999,-999,-999,-999,-999,-999,-999,-999,-999,-999,-999,-999,-999,-999,-999,-999,-999,-999,-999,-999,-999,-999,-999,-999,-999,-999,-999,-999,-999,-999,-999,-999,-999,-999,-78.75
-81.25,-999,-999,-999,-999,-999,-999,-999,-999,-999,-999,-999,-999,-999,-999,-999,-999,-999,-999,-999,-999,-999,-999,-999,-999,-999,-999,-999,-999,-999,-999,-999,-999,-999,-999,-999,-999,-999,-999,-999,-999,-999,-999,-999,-999,-999,-999,-999,-999,-999,-999,-999,-999,-999,-999,-999,-999,-999,-999,-999,-999,-999,-999,-999,-999,-999,-999,-999,-999,-999,-999,-999,-999,-999,-999,-999,-999,-999,-999,-999,-999,-999,-999,-999,-999,-999,-999,-999,-999,-999,-999,-999,-999,-999,-999,-999,-999,-999,-999,-999,-999,-999,-999,-999,-999,-999,-999,-999,-999,-999,-999,-999,-999,-999,-999,-999,-999,-999,-999,-999,-999,-999,-999,-999,-999,-999,-999,-999,-999,-999,-999,-999,-999,-999,-999,-999,-999,-999,-999,-999,-999,-999,-999,-999,-999,-81.25
-83.75,-999,-999,-999,-999,-999,-999,-999,-999,-999,-999,-999,-999,-999,-999,-999,-999,-999,-999,-999,-999,-999,-999,-999,-999,-999,-999,-999,-999,-999,-999,-999,-999,-999,-999,-999,-999,-999,-999,-999,-999,-999,-999,-999,-999,-999,-999,-999,-999,-999,-999,-999,-999,-999,-999,-999,-999,-999,-999,-999,-999,-999,-999,-999,-999,-999,-999,-999,-999,-999,-999,-999,-999,-999,-999,-999,-999,-999,-999,-999,-999,-999,-999,-999,-999,-999,-999,-999,-999,-999,-999,-999,-999,-999,-999,-999,-999,-999,-999,-999,-999,-999,-999,-999,-999,-999,-999,-999,-999,-999,-999,-999,-999,-999,-999,-999,-999,-999,-999,-999,-999,-999,-999,-999,-999,-999,-999,-999,-999,-999,-999,-999,-999,-999,-999,-999,-999,-999,-999,-999,-999,-999,-999,-999,-999,-83.75
-86.25,-999,-999,-999,-999,-999,-999,-999,-999,-999,-999,-999,-999,-999,-999,-999,-999,-999,-999,-999,-999,-999,-999,-999,-999,-999,-999,-999,-999,-999,-999,-999,-999,-999,-999,-999,-999,-999,-999,-999,-999,-999,-999,-999,-999,-999,-999,-999,-999,-999,-999,-999,-999,-999,-999,-999,-999,-999,-999,-999,-999,-999,-999,-999,-999,-999,-999,-999,-999,-999,-999,-999,-999,-999,-999,-999,-999,-999,-999,-999,-999,-999,-999,-999,-999,-999,-999,-999,-999,-999,-999,-999,-999,-999,-999,-999,-999,-999,-999,-999,-999,-999,-999,-999,-999,-999,-999,-999,-999,-999,-999,-999,-999,-999,-999,-999,-999,-999,-999,-999,-999,-999,-999,-999,-999,-999,-999,-999,-999,-999,-999,-999,-999,-999,-999,-999,-999,-999,-999,-999,-999,-999,-999,-999,-999,-86.25
-88.75,-999,-999,-999,-999,-999,-999,-999,-999,-999,-999,-999,-999,-999,-999,-999,-999,-999,-999,-999,-999,-999,-999,-999,-999,-999,-999,-999,-999,-999,-999,-999,-999,-999,-999,-999,-999,-999,-999,-999,-999,-999,-999,-999,-999,-999,-999,-999,-999,-999,-999,-999,-999,-999,-999,-999,-999,-999,-999,-999,-999,-999,-999,-999,-999,-999,-999,-999,-999,-999,-999,-999,-999,-999,-999,-999,-999,-999,-999,-999,-999,-999,-999,-999,-999,-999,-999,-999,-999,-999,-999,-999,-999,-999,-999,-999,-999,-999,-999,-999,-999,-999,-999,-999,-999,-999,-999,-999,-999,-999,-999,-999,-999,-999,-999,-999,-999,-999,-999,-999,-999,-999,-999,-999,-999,-999,-999,-999,-999,-999,-999,-999,-999,-999,-999,-999,-999,-999,-999,-999,-999,-999,-999,-999,-999,-88.75
1,-178.75,-176.25,-173.75,-171.25,-168.75,-166.25,-163.75,-161.25,-158.75,-156.25,-153.75,-151.25,-148.75,-146.25,-143.75,-141.25,-138.75,-136.25,-133.75,-131.25,-128.75,-126.25,-123.75,-121.25,-118.75,-116.25,-113.75,-111.25,-108.75,-106.25,-103.75,-101.25,-98.75,-96.25,-93.75,-91.25,-88.75,-86.25,-83.75,-81.25,-78.75,-76.25,-73.75,-71.25,-68.75,-66.25,-63.75,-61.25,-58.75,-56.25,-53.75,-51.25,-48.75,-46.25,-43.75,-41.25,-38.75,-36.25,-33.75,-31.25,-28.75,-26.25,-23.75,-21.25,-18.75,-16.25,-13.75,-11.25,-8.75,-6.25,-3.75,-1.25,1.25,3.75,6.25,8.75,11.25,13.75,16.25,18.75,21.25,23.75,26.25,28.75,31.25,33.75,36.25,38.75,41.25,43.75,46.25,48.75,51.25,53.75,56.25,58.75,61.25,63.75,66.25,68.75,71.25,73.75,76.25,78.75,81.25,83.75,86.25,88.75,91.25,93.75,96.25,98.75,101.25,103.75,106.25,108.75,111.25,113.75,116.25,118.75,121.25,123.75,126.25,128.75,131.25,133.75,136.25,138.75,141.25,143.75,146.25,148.75,151.25,153.75,156.25,158.75,161.25,163.75,166.25,168.75,171.25,173.75,176.25,178.75,2
