1,-178.75,-176.25,-173.75,-171.25,-168.75,-166.25,-163.75,-161.25,-158.75,-156.25,-153.75,-151.25,-148.75,-146.25,-143.75,-141.25,-138.75,-136.25,-133.75,-131.25,-128.75,-126.25,-123.75,-121.25,-118.75,-116.25,-113.75,-111.25,-108.75,-106.25,-103.75,-101.25,-98.75,-96.25,-93.75,-91.25,-88.75,-86.25,-83.75,-81.25,-78.75,-76.25,-73.75,-71.25,-68.75,-66.25,-63.75,-61.25,-58.75,-56.25,-53.75,-51.25,-48.75,-46.25,-43.75,-41.25,-38.75,-36.25,-33.75,-31.25,-28.75,-26.25,-23.75,-21.25,-18.75,-16.25,-13.75,-11.25,-8.75,-6.25,-3.75,-1.25,1.25,3.75,6.25,8.75,11.25,13.75,16.25,18.75,21.25,23.75,26.25,28.75,31.25,33.75,36.25,38.75,41.25,43.75,46.25,48.75,51.25,53.75,56.25,58.75,61.25,63.75,66.25,68.75,71.25,73.75,76.25,78.75,81.25,83.75,86.25,88.75,91.25,93.75,96.25,98.75,101.25,103.75,106.25,108.75,111.25,113.75,116.25,118.75,121.25,123.75,126.25,128.75,131.25,133.75,136.25,138.75,141.25,143.75,146.25,148.75,151.25,153.75,156.25,158.75,161.25,163.75,166.25,168.75,171.25,173.75,176.25,178.75,2
88.75,0.53,0.53,0.52,0.51,0.5,0.49,0.49,0.48,0.47,0.47,0.46,0.46,0.45,0.44,0.44,0.43,0.43,0.43,0.42,0.42,0.42,0.42,0.42,0.42,0.42,-999,-999,-999,-999,-999,-999,-999,-999,0.44,0.45,0.45,0.46,0.46,0.47,0.48,0.48,0.49,0.5,0.51,0.52,0.53,0.54,0.55,0.56,0.57,0.58,0.59,0.6,0.61,0.62,0.63,0.64,0.65,0.66,0.67,0.68,0.69,0.7,0.7,0.71,0.72,0.72,0.73,0.74,0.74,0.75,0.76,0.76,0.76,0.77,0.77,0.77,0.78,0.78,0.78,0.78,0.78,0.78,0.78,0.78,0.78,0.78,0.79,0.79,0.79,0.79,0.79,0.79,0.8,0.8,0.81,0.81,-999,-999,-999,-999,-999,-999,-999,-999,0.84,0.84,0.84,0.84,0.84,0.84,0.84,0.84,0.84,0.83,0.82,0.81,0.8,0.79,0.78,0.77,0.76,0.75,0.75,0.74,0.73,0.71,0.7,0.69,0.68,0.67,0.66,0.65,0.64,0.63,0.62,0.61,0.6,0.59,0.58,0.57,0.56,0.55,0.54,88.75
86.25,0.39,0.38,0.36,0.34,0.33,0.32,0.31,0.3,0.3,0.29,0.29,0.29,0.28,0.28,0.27,0.27,0.26,0.26,0.26,0.26,0.26,0.27,0.28,0.29,0.31,0.33,0.36,0.39,-999,-999,0.49,0.52,0.56,0.59,0.62,0.65,0.68,0.7,0.72,0.74,0.76,0.78,0.8,0.81,0.83,0.85,0.86,0.88,0.9,0.92,0.94,0.96,0.98,0.99,0.99,1,0.99,0.98,0.98,0.97,0.95,0.95,0.95,0.94,0.95,0.96,0.97,0.99,1.01,1.03,1.05,1.07,1.09,1.11,1.14,1.17,1.21,1.25,1.3,1.36,1.41,1.47,1.53,1.59,1.65,1.7,1.72,1.75,1.77,1.79,1.8,1.82,1.82,1.83,1.84,1.85,1.86,1.87,1.87,1.88,-999,-999,1.86,1.84,1.81,1.78,1.74,1.7,1.66,1.61,1.56,1.5,1.45,1.41,1.36,1.31,1.26,1.21,1.17,1.13,1.08,1.04,0.99,0.95,0.9,0.87,0.83,0.79,0.75,0.72,0.69,0.66,0.63,0.61,0.59,0.57,0.55,0.53,0.51,0.49,0.47,0.45,0.43,0.41,86.25
83.75,0.56,0.54,0.52,0.5,0.48,0.45,0.43,0.42,0.4,0.38,0.36,0.34,0.31,0.28,0.27,0.25,0.24,0.24,0.25,0.26,0.28,0.29,0.31,0.35,0.39,0.45,0.51,0.59,0.67,-999,0.85,0.95,1.06,1.17,1.26,1.31,1.4,1.47,1.62,1.75,1.83,1.91,1.93,1.91,1.88,1.85,1.83,1.79,1.75,1.74,1.78,1.83,1.89,1.95,1.97,1.97,1.98,1.98,-999,-999,-999,-999,1.75,1.66,1.59,1.54,1.5,1.46,1.43,1.42,1.43,1.5,1.58,1.72,1.87,2.01,2.16,2.29,2.4,2.47,2.52,2.56,2.61,2.69,2.77,2.86,2.95,3.03,3.11,3.15,3.18,3.22,3.25,3.28,3.32,3.36,3.41,3.46,3.56,3.63,-999,-999,3.77,3.78,3.74,3.7,3.66,3.57,3.46,3.28,3.08,2.86,2.65,2.46,2.28,2.12,1.98,1.84,1.71,1.58,1.45,1.35,1.25,1.18,1.13,1.08,1.05,1.01,0.98,0.95,0.91,0.89,0.86,0.83,0.8,0.77,0.74,0.71,0.68,0.66,0.63,0.61,0.6,0.58,83.75
81.25,1.05,1.02,0.99,0.96,0.93,0.9,0.86,0.82,0.79,0.75,0.72,0.68,0.64,0.6,0.57,0.53,0.5,0.49,0.48,0.48,0.49,0.52,0.55,0.6,0.66,0.72,0.8,0.92,1.06,-999,1.4,1.54,1.81,2.19,-999,-999,-999,-999,-999,-999,-999,-999,-999,-999,-999,3.12,3.11,-999,-999,-999,-999,-999,-999,-999,-999,-999,-999,-999,-999,-999,-999,-999,-999,-999,-999,-999,-999,-999,1.98,1.95,1.97,2.07,2.25,2.61,3.17,3.84,4.54,5.02,5.34,5.48,5.45,5.37,5.25,5.09,5,4.94,4.94,5.16,5.51,5.97,6.1,6.2,6.28,6.3,6.23,6.19,6.3,6.66,7.35,8.17,8.06,-999,6.55,6.34,6.09,5.8,5.41,5.04,4.93,4.92,4.77,4.51,4.13,3.75,3.37,3.04,2.73,2.48,2.26,2.07,1.94,1.85,1.79,1.73,1.68,1.62,1.57,1.51,1.47,1.44,1.43,1.41,1.39,1.36,1.33,1.31,1.29,1.27,1.25,1.23,1.19,1.16,1.12,1.08,81.25
78.75,1.71,1.63,1.56,1.51,1.49,1.48,1.45,1.42,1.38,1.35,1.31,1.27,1.22,1.16,1.08,1.04,1.01,1,1,1,1.01,1.07,1.18,1.35,1.47,1.53,1.54,1.56,1.74,-999,2.34,2.57,2.83,3.04,-999,-999,-999,-999,-999,-999,-999,-999,-999,2.79,2.93,-999,-999,-999,-999,-999,-999,-999,-999,-999,-999,-999,-999,-999,-999,-999,-999,-999,-999,-999,-999,3.35,3.11,2.84,2.71,2.65,2.71,2.81,3.08,4.13,5.68,7.18,-999,-999,-999,-999,-999,-999,6.12,6.36,6.62,6.74,6.62,6.7,7.08,7.74,8.53,9.43,10.16,10.3,9.24,7.79,7.4,7.91,8.33,8.77,8.87,-999,7.45,6.17,5.39,5.39,5.35,4.96,4.29,3.89,3.61,3.52,-999,-999,-999,3.6,3.34,3.11,2.89,2.71,2.57,2.45,2.39,2.36,2.36,2.35,2.33,2.28,2.24,2.24,2.23,2.16,2.06,1.97,1.94,1.94,1.94,1.93,1.91,1.88,1.85,1.82,1.8,1.76,78.75
76.25,2.63,2.6,2.58,2.58,2.57,2.58,2.55,2.53,2.48,2.4,2.27,2.15,2.11,2.07,2.05,1.97,1.93,1.95,2.05,2.22,2.46,2.79,3.22,3.49,3.42,3.36,3.27,3.02,-999,2.9,2.74,-999,-999,3.83,4.32,-999,-999,-999,-999,1.61,1.53,1.68,1.88,2,-999,-999,-999,-999,-999,-999,-999,-999,-999,-999,-999,-999,-999,-999,-999,-999,-999,-999,-999,-999,-999,3,2.85,2.83,2.95,3.42,4.97,7.33,9.48,10.19,9.85,8.99,8.38,8.09,8.12,8.26,7.79,7.29,8.15,8.49,8.32,8.72,8.74,8.46,8.88,9.28,9.45,9.35,9.35,9.02,8.58,8.1,-999,-999,-999,8.64,7.59,-999,6.32,5.6,4.93,4.56,4.21,3.67,-999,-999,-999,-999,-999,-999,-999,-999,-999,-999,3.28,2.93,2.79,2.67,2.62,2.71,2.93,3.11,3.24,-999,2.97,-999,3.07,3.05,3,2.87,2.72,2.57,2.49,2.51,2.6,2.63,2.62,2.6,2.61,2.63,76.25
73.75,3.28,3.34,3.48,3.61,3.6,3.5,3.34,3.08,3.06,3.39,3.61,3.68,3.69,3.71,3.75,3.85,3.98,4.1,4.23,4.33,4.48,4.5,-999,-999,-999,-999,3.94,3.81,3.5,-999,3.65,-999,-999,-999,-999,-999,-999,-999,-999,-999,-999,1.4,1.04,1.31,1.64,1.86,2.02,1.96,2.47,-999,-999,-999,-999,-999,-999,-999,-999,-999,-999,-999,-999,-999,-999,-999,2.86,3.11,3.97,5.57,6.75,7.8,8.38,8.68,8.96,9.01,8.85,8.43,7.48,6.32,5.7,6.44,6.49,6.21,5.75,5.17,4.91,5.4,6.51,7.43,7.65,7.9,8.25,8.22,7.87,-999,-999,-999,6.61,6.13,5.81,5.48,5.16,4.89,4.61,4.32,-999,-999,-999,-999,-999,-999,-999,-999,-999,-999,-999,-999,-999,-999,-999,2.89,2.49,-999,-999,2.43,2.7,2.87,2.9,2.86,2.78,2.75,2.97,3.17,3.28,3.26,3.25,3.2,3.13,3.1,3.11,3.14,3.13,3.09,3.13,3.21,73.75
71.25,2.93,2.4,2.03,2.29,2.67,2.66,3.25,3.83,3.2,-999,2.67,3.12,3.68,4.32,4.63,4.88,5.19,5.3,5.13,5.03,4.93,4.23,-999,3.81,3.35,-999,-999,-999,-999,-999,4.22,4.12,4.42,-999,-999,3.64,-999,-999,-999,-999,-999,-999,-999,-999,1.67,1.6,1.73,2.02,2.21,2.71,2.76,-999,-999,-999,-999,-999,-999,-999,-999,-999,-999,-999,-999,-999,3.39,4.99,6.74,7.39,7.16,6.36,5.78,5.44,5.14,4.94,4.81,4.6,4.31,3.8,3.45,3.21,3.02,2.99,3.13,3.43,4.1,4.85,5.16,5.47,6.09,6.89,7.42,7.63,7.07,-999,-999,7.88,7.04,6.73,5.67,-999,-999,-999,-999,-999,-999,-999,-999,-999,-999,-999,-999,-999,-999,-999,-999,-999,-999,-999,-999,-999,-999,-999,-999,-999,-999,-999,-999,-999,-999,-999,-999,-999,-999,-999,-999,2.97,2.91,2.75,2.71,2.73,2.68,2.68,2.7,2.83,71.25
68.75,-999,2.29,2.36,2.54,2.8,2.71,-999,-999,-999,-999,-999,-999,-999,-999,-999,-999,-999,-999,-999,-999,-999,-999,-999,-999,-999,-999,-999,-999,-999,-999,-999,4.7,-999,-999,-999,-999,-999,3.89,-999,3.24,3.45,3.14,-999,-999,-999,2.43,2.49,2.34,2.14,1.96,-999,-999,-999,-999,-999,-999,-999,-999,-999,-999,-999,-999,2.52,2.94,3.47,3.08,2.94,3.5,4.44,4.46,3.94,3.07,2.17,2.14,2.75,3.12,2.69,2.32,-999,-999,-999,-999,-999,-999,-999,-999,-999,5.05,5.91,5.97,5.39,5.24,5.53,-999,-999,-999,-999,-999,-999,-999,-999,-999,-999,-999,-999,-999,-999,-999,-999,-999,-999,-999,-999,-999,-999,-999,-999,-999,-999,-999,-999,-999,-999,-999,-999,-999,-999,-999,-999,-999,-999,-999,-999,-999,-999,-999,-999,-999,-999,-999,-999,-999,-999,-999,68.75
66.25,-999,-999,-999,-999,2.76,-999,-999,-999,-999,-999,-999,-999,-999,-999,-999,-999,-999,-999,-999,-999,-999,-999,-999,-999,-999,-999,-999,-999,-999,-999,-999,-999,-999,-999,-999,-999,-999,-999,-999,2.93,3.39,3.76,-999,-999,-999,-999,-999,2.3,1.92,0.66,-999,-999,-999,-999,-999,-999,-999,-999,-999,0.16,-0.2,-2.5,-999,-2.72,-1.47,-999,-2.66,-4.9,-5.32,-3.47,-0.59,2.22,3.33,2.96,2.47,2.04,2,-999,-999,-999,-999,-999,-999,-999,-999,-999,-999,-999,4.92,-999,-999,-999,-999,-999,-999,-999,-999,-999,-999,-999,-999,-999,-999,-999,-999,-999,-999,-999,-999,-999,-999,-999,-999,-999,-999,-999,-999,-999,-999,-999,-999,-999,-999,-999,-999,-999,-999,-999,-999,-999,-999,-999,-999,-999,-999,-999,-999,-999,-999,-999,-999,-999,-999,-999,66.25
63.75,3.4,3.76,3.21,-999,2.51,2.79,2.56,-999,-999,-999,-999,-999,-999,-999,-999,-999,-999,-999,-999,-999,-999,-999,-999,-999,-999,-999,-999,-999,-999,-999,-999,-999,-999,-999,-999,-999,2.65,-999,-999,-999,2.59,3.08,3.21,-999,-999,-999,2.99,2.28,-0.73,-0.79,-0.47,-999,-999,-999,-999,-999,-2.96,-2.39,-0.37,-0.13,-1.07,-0.95,-0.83,-999,-999,-0.84,-1.62,-0.96,-0.91,-0.61,-0.37,1.17,1.89,1.79,1.06,-999,-999,-999,-999,-999,3.73,-999,-999,-999,-999,-999,-999,-999,-999,-999,-999,-999,-999,-999,-999,-999,-999,-999,-999,-999,-999,-999,-999,-999,-999,-999,-999,-999,-999,-999,-999,-999,-999,-999,-999,-999,-999,-999,-999,-999,-999,-999,-999,-999,-999,-999,-999,-999,-999,-999,-999,-999,-999,-999,-999,-999,-999,-999,-999,-999,-999,-999,-999,-999,63.75
61.25,4.08,4.44,3.84,3.31,2.9,-999,-999,-999,-999,-999,-999,-999,-999,-999,-999,-999,-999,-999,-999,-999,-999,-999,-999,-999,-999,-999,-999,-999,-999,-999,-999,-999,-999,-999,-999,3.81,3.73,3.56,3.33,3.37,3.67,-999,-999,-999,2.43,2.21,2.26,0.59,-1.74,-1.49,-1.92,-2.44,-999,-999,-999,-2.37,-0.41,-0.22,-0.11,-0.54,-1.39,-1.71,-1.61,-1.56,-1.47,-1.43,-1.45,-1.13,-0.18,0.12,0.15,0.68,1.04,0.31,-999,-999,-999,-999,-999,3.56,-999,-999,-999,-999,-999,-999,-999,-999,-999,-999,-999,-999,-999,-999,-999,-999,-999,-999,-999,-999,-999,-999,-999,-999,-999,-999,-999,-999,-999,-999,-999,-999,-999,-999,-999,-999,-999,-999,-999,-999,-999,-999,-999,-999,-999,-999,-999,-999,-999,-999,-999,-999,-999,-999,-999,3.21,2.95,-999,-999,-999,-999,3.63,3.56,3.93,61.25
58.75,3.1,3.31,3.64,3.85,3.68,3.17,2.83,-999,-999,-999,-999,3.48,3.24,3.28,3.3,3.38,-999,-999,-999,-999,-999,-999,-999,-999,-999,-999,-999,-999,-999,-999,-999,-999,-999,-999,-999,4.59,4.33,4.1,3.8,3.66,3.27,-999,-999,-999,-999,-999,-999,2.37,-1,-1.24,-1.36,-1.44,-1.59,-1.92,-1.99,-1.24,-0.05,-0.36,-0.79,-1.32,-1.79,-1.76,-1.64,-1.76,-1.8,-1.64,-1.02,-0.47,-0.58,-0.12,-999,0.32,0.67,0.75,-999,-999,-999,-999,-999,3,3.43,-999,-999,-999,-999,-999,-999,-999,-999,-999,-999,-999,-999,-999,-999,-999,-999,-999,-999,-999,-999,-999,-999,-999,-999,-999,-999,-999,-999,-999,-999,-999,-999,-999,-999,-999,-999,-999,-999,-999,-999,-999,-999,-999,-999,-999,-999,-999,-999,4.61,4.46,4.01,4.02,4.26,4.4,-999,-999,3.31,3.44,3.61,3.57,3.42,3.28,3.15,58.75
56.25,3.03,3.01,3.08,3.22,3.36,3.33,3.26,3.11,-999,3.01,3.1,3.05,3.06,3.33,3.56,3.41,3.2,3.48,3.86,-999,-999,-999,-999,-999,-999,-999,-999,-999,-999,-999,-999,-999,-999,-999,-999,-999,-999,5.11,4.31,4.14,3.85,-999,-999,-999,-999,-999,-999,-999,2.99,0.25,-0.7,-0.96,-0.27,-0.22,0.15,0.14,-0.59,-1.28,-1.3,-1.57,-1.81,-2.22,-2.36,-2.21,-1.68,-0.89,-0.55,-0.34,-0.03,-999,-999,0.93,0.82,1.31,1.16,-999,-999,-999,-999,2.75,-999,-999,-999,-999,-999,-999,-999,-999,-999,-999,-999,-999,-999,-999,-999,-999,-999,-999,-999,-999,-999,-999,-999,-999,-999,-999,-999,-999,-999,-999,-999,-999,-999,-999,-999,-999,-999,-999,-999,-999,-999,-999,-999,-999,-999,-999,-999,5.51,4.9,4.59,4.77,4.98,5.04,4.95,-999,-999,-999,3.3,3.47,3.45,3.52,3.51,3.33,3.14,56.25
53.75,3.23,3.2,3.13,3.19,3.15,3.08,2.99,2.92,2.94,2.95,2.92,2.87,3.07,3.35,3.65,3.49,3.18,3.19,3.52,3.95,-999,-999,-999,-999,-999,-999,-999,-999,-999,-999,-999,-999,-999,-999,-999,-999,-999,-999,-999,5.4,-999,-999,-999,-999,-999,-999,-999,-999,-999,-999,1.8,0.17,-0.5,-0.27,0.02,0.08,-0.78,-1.76,-2.2,-2.16,-1.96,-1.96,-2.29,-2.34,-1.61,-0.91,-0.35,-0.03,-999,-999,-999,-999,1.45,1.29,1.28,-999,-999,-999,-999,-999,-999,-999,-999,-999,-999,-999,-999,-999,-999,-999,-999,-999,-999,-999,-999,-999,-999,-999,-999,-999,-999,-999,-999,-999,-999,-999,-999,-999,-999,-999,-999,-999,-999,-999,-999,-999,-999,-999,-999,-999,-999,-999,-999,-999,-999,-999,-999,-999,2.81,3.82,4.7,4.75,4.75,4.69,-999,-999,3.22,3.45,3.48,3.19,3.05,3.27,3.29,3.23,53.75
51.25,3.14,3.12,3.09,3.06,3.01,2.97,2.92,2.85,2.81,2.78,2.81,2.89,3.02,3.17,3.3,3.21,2.95,3.11,3.41,3.55,3.84,-999,-999,-999,-999,-999,-999,-999,-999,-999,-999,-999,-999,-999,-999,-999,-999,-999,-999,-999,-999,-999,-999,-999,-999,-999,-999,-999,-999,-999,2.05,0.95,0.26,0.42,0.57,0.5,0.06,-0.36,-1.04,-1.99,-2.34,-1.97,-1.68,-1.4,-0.89,-0.4,0.05,-0.05,0.51,1,-999,-999,2.12,-999,-999,-999,-999,-999,-999,-999,-999,-999,-999,-999,-999,-999,-999,-999,-999,-999,-999,-999,-999,-999,-999,-999,-999,-999,-999,-999,-999,-999,-999,-999,-999,-999,-999,-999,-999,-999,-999,-999,-999,-999,-999,-999,-999,-999,-999,-999,-999,-999,-999,-999,-999,-999,-999,-999,-999,-999,5.12,4.64,4.39,4.18,-999,-999,3.66,3.75,3.52,3.09,3.02,3.19,3.28,3.23,51.25
48.75,3.35,3.31,3.2,3.07,2.98,2.94,2.98,2.96,2.87,2.79,2.77,2.78,2.83,3.01,3.18,3.03,2.73,2.77,2.96,3.25,3.67,3.89,-999,-999,-999,-999,-999,-999,-999,-999,-999,-999,-999,-999,-999,-999,-999,-999,-999,-999,-999,-999,-999,-999,-999,-999,4.17,4.09,-999,-999,-999,2.44,1.87,1.42,1.38,1.37,1.24,1.09,0.23,-1.77,-2.72,-2.09,-1.25,-0.61,-0.31,-0.11,0.29,0.46,0.63,1.03,-999,-999,-999,-999,-999,-999,-999,-999,-999,-999,-999,-999,-999,-999,-999,-999,-999,-999,-999,-999,-999,-999,-999,-999,-999,-999,-999,-999,-999,-999,-999,-999,-999,-999,-999,-999,-999,-999,-999,-999,-999,-999,-999,-999,-999,-999,-999,-999,-999,-999,-999,-999,-999,-999,-999,-999,-999,-999,-999,4.07,5.01,4.61,4.27,4.05,3.74,3.67,3.72,3.73,3.8,3.53,3.51,3.63,3.59,3.45,48.75
46.25,3.67,3.49,3.36,3.27,3.11,2.98,2.98,2.96,2.94,2.85,2.77,2.62,2.63,2.85,3.08,3.09,2.85,2.71,2.73,2.73,3.18,3.78,-999,-999,-999,-999,-999,-999,-999,-999,-999,-999,-999,-999,-999,-999,-999,-999,-999,-999,-999,-999,-999,-999,-999,-999,3.71,3.75,3.47,3.5,2.83,2.96,3.6,3.11,3.92,4.06,3.55,1.86,-0.12,-1.94,-2.47,-1.46,-0.51,0.13,0.32,0.61,1.1,1.21,1.11,1.28,1.4,-999,-999,-999,-999,-999,-999,-999,-999,-999,-999,-999,-999,-999,-999,-999,-999,-999,-999,-999,-999,-999,-999,-999,-999,-999,-999,-999,-999,-999,-999,-999,-999,-999,-999,-999,-999,-999,-999,-999,-999,-999,-999,-999,-999,-999,-999,-999,-999,-999,-999,-999,-999,-999,-999,-999,-999,3.98,4.72,4.51,4.86,4.82,4.73,4.27,4.02,3.94,4.02,4.18,4.28,4.27,4.09,3.99,3.88,3.83,46.25
43.75,3.81,3.7,3.5,3.35,3.18,3.05,2.95,2.9,2.83,2.69,2.57,2.43,2.46,2.61,2.81,2.86,2.73,2.61,2.6,2.74,3.38,4.06,-999,-999,-999,-999,-999,-999,-999,-999,-999,-999,-999,-999,-999,-999,-999,-999,-999,-999,-999,-999,-999,-999,2.89,-999,3.22,3.12,2.63,3.12,3.21,3.98,8.05,8.95,8.5,7.69,5.96,3.26,0.02,-1.93,-1.33,-0.09,0.66,0.97,1.08,1.45,1.51,1.2,-999,-999,-999,-999,-999,-999,-999,3.26,-999,-999,-999,-999,-999,-999,-999,-999,2.88,2.77,2.61,2.75,-999,-999,-999,-999,-999,-999,-999,-999,-999,-999,-999,-999,-999,-999,-999,-999,-999,-999,-999,-999,-999,-999,-999,-999,-999,-999,-999,-999,-999,-999,-999,-999,-999,-999,-999,-999,-999,-999,4.61,4.48,-999,-999,5.06,4.95,4.82,4.68,4.73,4.85,4.91,4.84,4.79,4.69,4.46,4.24,4.04,3.87,43.75
41.25,4.04,3.8,3.58,3.44,3.16,3.01,2.9,2.77,2.66,2.54,2.41,2.39,2.47,2.5,2.64,2.6,2.44,2.41,2.53,2.85,3.73,3.78,-999,-999,-999,-999,-999,-999,-999,-999,-999,-999,-999,-999,-999,-999,-999,-999,-999,-999,-999,-999,-999,-999,1.57,1.1,1.12,0.99,1.28,2.01,2.72,3.49,5.04,6.12,5.74,5.08,3.48,1.15,-0.89,-0.89,-0.04,0.98,1.5,1.64,1.67,1.81,1.38,0.57,-999,-999,-999,-999,-999,2.77,2.95,-999,3.01,-999,-999,3.21,-999,-999,-999,-999,-999,-999,-999,-999,-999,-999,-999,-999,-999,-999,-999,-999,-999,-999,-999,-999,-999,-999,-999,-999,-999,-999,-999,-999,-999,-999,-999,-999,-999,-999,-999,-999,-999,-999,-999,-999,-999,-999,-999,-999,3.17,2.76,3.28,3.71,-999,3.78,4.48,4.7,4.91,5.24,5.58,5.58,5.34,5.09,4.92,4.62,4.41,4.41,4.38,4.23,41.25
38.75,4.05,3.78,3.53,3.32,3.11,3.01,2.9,2.84,2.64,2.5,2.42,2.4,2.36,2.34,2.38,2.26,2.12,2.27,2.54,2.92,3.71,3.72,-999,-999,-999,-999,-999,-999,-999,-999,-999,-999,-999,-999,-999,-999,-999,-999,-999,-999,-999,-999,0.48,1.39,1.56,1.56,1.7,1.78,1.76,1.72,1.72,1.83,1.99,2.08,1.84,1.43,0.74,0.04,0.08,0.73,1.46,1.86,2.14,2.18,2.12,2.05,1.4,0.79,-999,-999,-999,-999,2.04,1.96,2.3,2.43,2.8,2.79,-999,2.92,-999,-999,2.55,-999,-999,-999,-999,-999,-999,-999,-999,-999,-999,-999,-999,-999,-999,-999,-999,-999,-999,-999,-999,-999,-999,-999,-999,-999,-999,-999,-999,-999,-999,-999,-999,-999,-999,-999,-999,3.92,4.05,3.69,-999,2.04,1.61,2.43,3.53,3.54,-999,3.08,3.71,3.97,4.22,4.58,4.7,4.68,4.56,4.42,4.42,4.42,4.41,4.38,4.4,4.29,38.75
36.25,3.9,3.67,3.5,3.36,3.16,3.04,3.07,2.96,2.64,2.51,2.49,2.41,2.27,2.24,2.2,2.12,2.15,2.44,2.74,3.08,3.55,3.66,3.21,-999,-999,-999,-999,-999,-999,-999,-999,-999,-999,-999,-999,-999,-999,-999,-999,-999,-999,-999,2.25,2.23,2.07,1.93,1.94,2,2.01,1.89,1.75,1.68,1.72,1.72,1.57,1.29,1.05,1.13,1.58,2.22,2.51,2.56,2.5,2.45,2.28,2.14,1.76,1.15,0.98,-999,-999,1.41,-999,-999,-999,-999,2.68,2.82,2.77,2.94,2.89,2.69,2.59,3.13,-999,-999,-999,-999,-999,-999,-999,-999,-999,-999,-999,-999,-999,-999,-999,-999,-999,-999,-999,-999,-999,-999,-999,-999,-999,-999,-999,-999,-999,-999,-999,-999,-999,-999,-999,-999,-999,3.74,3.52,-999,3.01,3.27,-999,-999,-999,2.99,3.31,3.51,3.68,3.86,3.93,4.03,4.15,4.2,4.23,4.35,4.39,4.37,4.26,4.07,36.25
33.75,3.45,3.36,3.25,3.17,3.1,2.97,2.88,2.64,2.4,2.27,2.09,1.96,2.04,2.16,2.21,2.21,2.32,2.67,2.96,3.24,3.42,3.49,3.31,3.31,-999,-999,-999,-999,-999,-999,-999,-999,-999,-999,-999,-999,-999,-999,-999,-999,-999,2.34,2.37,2.25,2.12,2.04,2.08,2.08,2.1,2.09,2.14,2.25,2.2,2.1,1.94,1.91,2.11,2.4,2.63,2.78,2.79,2.8,2.73,2.51,2.35,2.35,2.16,1.41,-999,-999,-999,-999,-999,-999,-999,-999,-999,2.77,2.75,2.8,2.62,2.45,2.52,2.89,2.98,3.17,-999,-999,-999,-999,-999,-999,-999,-999,-999,-999,-999,-999,-999,-999,-999,-999,-999,-999,-999,-999,-999,-999,-999,-999,-999,-999,-999,-999,-999,-999,-999,-999,-999,-999,-999,3.69,3.36,3.11,-999,-999,-999,2.68,2.63,2.68,2.88,3.06,3.23,3.43,3.6,3.76,3.82,3.87,3.9,3.95,3.96,3.9,3.75,3.6,33.75
31.25,3.15,3.06,2.97,2.96,2.86,2.7,2.51,2.28,2.04,1.84,1.81,1.85,1.97,2.05,2.17,2.42,2.73,2.97,3.11,3.23,3.39,3.48,3.43,3.29,3.37,-999,-999,-999,-999,-999,-999,-999,-999,-999,-999,-999,-999,-999,-999,-999,2.56,2.4,2.48,2.33,2.28,2.26,2.32,2.41,2.51,2.62,2.74,2.73,2.73,2.7,2.66,2.77,2.9,2.93,2.85,2.87,2.95,2.89,2.78,2.64,2.67,2.53,1.59,0.29,-999,-999,-999,-999,-999,-999,-999,-999,-999,-999,-999,2.69,-999,-999,-999,2.87,-999,-999,-999,-999,-999,-999,-999,-999,-999,-999,-999,-999,-999,-999,-999,-999,-999,-999,-999,-999,-999,-999,-999,-999,-999,-999,-999,-999,-999,-999,-999,-999,-999,-999,-999,-999,-999,3.73,3.15,2.86,-999,2.49,2.55,2.65,2.9,2.98,3.08,3.25,3.46,3.64,3.77,3.84,3.74,3.74,3.81,3.85,3.77,3.58,3.36,3.2,31.25
28.75,2.9,2.84,2.74,2.63,2.55,2.4,2.18,2,1.75,1.72,1.79,1.93,2.05,2.28,2.57,2.87,3.13,3.17,3.19,3.38,3.51,3.51,3.5,3.41,3.44,2.9,-999,-999,-999,-999,-999,-999,-999,-999,3.41,3.18,2.94,3.01,3.18,-999,2.59,2.24,2.68,2.64,2.69,2.79,2.93,3,3.11,3.2,3.27,3.3,3.24,3.24,3.19,3.18,3.11,3.07,2.96,2.92,2.95,2.98,3.09,3.13,2.44,2.15,0.39,-999,-999,-999,-999,-999,-999,-999,-999,-999,-999,-999,-999,-999,-999,-999,-999,-999,-999,-999,-999,-999,-999,-999,-999,4.57,-999,-999,-999,-999,-999,-999,-999,-999,-999,-999,-999,-999,-999,-999,-999,-999,-999,-999,-999,-999,-999,-999,-999,-999,-999,-999,-999,-999,-999,3.07,2.83,2.37,2.35,2.59,2.85,3.08,3.21,3.3,3.34,3.4,3.57,3.72,3.77,3.76,3.79,3.85,3.82,3.62,3.39,3.22,3.07,2.96,28.75
26.25,2.83,2.72,2.56,2.49,2.33,2.19,2.04,1.89,1.79,1.87,2.02,2.21,2.47,2.76,3.03,3.2,3.33,3.37,3.45,3.53,3.55,3.56,3.53,3.4,3.32,2.96,3.13,-999,-999,-999,-999,-999,-999,3.46,2.9,2.82,2.56,2.72,2.97,-999,2.84,2.41,3.1,2.99,3.18,3.32,3.38,3.37,3.45,3.51,3.57,3.57,3.54,3.5,3.46,3.35,3.31,3.32,3.33,3.36,3.35,3.28,2.89,2.09,1.2,0.61,-999,-999,-999,-999,-999,-999,-999,-999,-999,-999,-999,-999,-999,-999,-999,-999,-999,-999,-999,-999,-999,-999,-999,-999,-999,-999,4.25,-999,-999,-999,-999,-999,-999,-999,-999,-999,-999,-999,-999,-999,-999,-999,-999,-999,-999,-999,-999,-999,-999,-999,-999,-999,-999,-999,3.45,2.81,2.49,2.3,2.81,3.02,3.11,3.18,3.23,3.3,3.31,3.41,3.53,3.51,3.5,3.47,3.44,3.4,3.21,3.09,2.97,2.9,2.88,2.84,26.25
23.75,2.74,2.62,2.52,2.43,2.32,2.26,2.18,2.13,2.22,2.38,2.59,2.79,3.04,3.19,3.29,3.43,3.51,3.51,3.51,3.48,3.45,3.46,3.41,3.36,3.3,2.96,2.96,-999,3.39,-999,-999,-999,-999,3.37,2.99,2.88,2.81,2.63,2.77,2.97,2.87,2.83,3.62,3.49,3.63,3.61,3.6,3.64,3.69,3.8,3.85,3.83,3.85,3.8,3.66,3.56,3.49,3.47,3.39,3.2,2.82,2.27,1.57,0.77,0.23,-999,-999,-999,-999,-999,-999,-999,-999,-999,-999,-999,-999,-999,-999,-999,-999,-999,-999,-999,-999,-999,3.71,-999,-999,-999,-999,-999,-999,-999,-999,-999,2.91,3.14,3.35,-999,-999,-999,-999,-999,-999,-999,-999,-999,-999,-999,-999,-999,-999,-999,-999,-999,-999,-999,-999,3.34,-999,2.49,2.32,2.86,2.9,2.95,3.06,3.11,3.08,3.16,3.21,3.23,3.24,3.24,3.21,3.2,3.16,3.13,3.11,3.08,2.98,2.94,2.88,2.83,23.75
21.25,2.7,2.64,2.61,2.56,2.53,2.54,2.57,2.63,2.78,3.02,3.17,3.28,3.34,3.38,3.51,3.61,3.64,3.59,3.53,3.46,3.46,3.47,3.47,3.43,3.34,3.15,3.06,3.26,3.33,3.01,-999,-999,-999,3.37,3.07,2.66,-999,2.93,3.14,3.33,-999,-999,3.68,3.47,3.53,3.67,3.67,3.65,3.67,3.66,3.58,3.48,3.44,3.38,3.22,3.12,3.02,2.87,2.6,2.24,1.82,1.41,0.95,0.57,0.41,-999,-999,-999,-999,-999,-999,-999,-999,-999,-999,-999,-999,-999,-999,-999,-999,-999,-999,-999,-999,-999,-999,-999,-999,-999,-999,-999,-999,-999,-999,-999,3.1,3.17,3.34,3.59,-999,-999,-999,-999,-999,-999,-999,3.48,3.67,-999,-999,-999,-999,-999,-999,3.72,-999,3.47,3.36,3.1,-999,2.74,2.82,2.76,2.79,2.87,2.99,3,3.05,3.09,3.11,3.08,3.12,3.1,3.09,3.11,3.13,3.16,3.16,3.1,2.98,2.9,2.82,2.79,21.25
18.75,2.87,2.91,2.94,2.94,2.94,2.98,3.07,3.19,3.24,-999,3.41,3.43,3.47,3.5,3.54,3.57,3.57,3.49,3.45,3.46,3.49,3.57,3.56,3.52,3.42,3.26,3.18,3.2,3.15,2.98,-999,-999,-999,-999,2.81,-999,-999,3.01,3.15,3.14,3.47,3.81,3.64,-999,3.31,3.46,3.39,3.22,3.16,3.15,3.07,2.97,2.91,2.86,2.71,2.54,2.4,2.32,2.18,2.03,1.92,1.81,1.43,1.64,1.59,-999,-999,-999,-999,-999,-999,-999,-999,-999,-999,-999,-999,-999,-999,-999,-999,-999,-999,-999,-999,-999,-999,3.12,-999,-999,-999,-999,-999,-999,-999,3.24,3.46,3.53,3.55,3.59,3.62,-999,-999,-999,-999,-999,3.45,3.54,3.54,-999,-999,-999,-999,-999,-999,-999,-999,3.28,3.26,3.01,-999,2.8,2.86,2.92,2.93,2.98,3.03,3.06,3.07,3.12,3.16,3.14,3.11,3.12,3.15,3.15,3.12,3.09,3.07,3,2.91,2.9,2.88,2.88,18.75
16.25,3.2,3.2,3.2,3.22,3.24,3.28,3.35,3.41,3.42,3.44,3.49,3.52,3.51,3.5,3.52,3.53,3.52,3.5,3.46,3.46,3.48,3.51,3.46,3.41,3.33,3.3,3.33,3.3,3.19,3.12,3.07,3.13,-999,-999,-999,-999,-999,2.91,3.05,3.21,3.24,3.27,3.21,3.26,3.1,3.06,3.05,2.93,2.9,2.86,2.73,2.63,2.58,2.52,2.46,2.44,2.39,2.4,2.44,2.43,2.5,2.48,2.21,2.51,2.72,-999,-999,-999,-999,-999,-999,-999,-999,-999,-999,-999,-999,-999,-999,-999,-999,-999,-999,-999,-999,-999,-999,-999,3.23,-999,-999,-999,-999,3.27,3.27,3.5,3.56,3.58,3.59,3.59,3.51,-999,-999,-999,-999,3.57,3.46,3.56,3.46,-999,-999,-999,-999,-999,-999,3.3,3.17,3.15,3.18,3.07,-999,3,3.08,3.1,3.1,3.15,3.15,3.12,3.13,3.19,3.16,3.13,3.14,3.14,3.16,3.18,3.17,3.14,3.15,3.14,3.13,3.14,3.16,3.17,16.25
13.75,3.3,3.31,3.33,3.33,3.33,3.34,3.37,3.39,3.42,3.45,3.44,3.41,3.38,3.33,3.3,3.36,3.43,3.45,3.37,3.34,3.31,3.33,3.34,3.3,3.35,3.4,3.39,3.29,3.17,3.15,3.24,3.25,3.06,2.88,3.05,-999,-999,-999,-999,3.29,3.26,3.24,3.18,3.13,3.01,2.94,2.9,2.88,2.86,2.92,2.8,2.77,2.73,2.72,2.7,2.67,2.72,2.73,2.73,2.8,2.89,3.06,3.05,3.18,3.52,-999,-999,-999,-999,-999,-999,-999,-999,-999,-999,-999,-999,-999,-999,-999,-999,-999,-999,-999,-999,-999,-999,-999,-999,-999,-999,3.4,3.29,3.25,3.47,3.5,3.47,3.5,3.59,3.58,3.42,3.38,-999,-999,3.59,3.45,3.45,3.41,3.54,3.55,3.67,-999,-999,-999,-999,-999,3.36,3.23,3.22,3.22,-999,3,3.23,3.23,3.2,3.18,3.16,3.17,3.21,3.23,3.23,3.28,3.32,3.35,3.38,3.42,3.43,3.42,3.4,3.38,3.35,3.34,3.32,3.29,13.75
11.25,3.29,3.29,3.27,3.27,3.3,3.33,3.33,3.31,3.29,3.26,3.23,3.19,3.17,3.12,3.08,3.14,3.19,3.26,3.26,3.24,3.21,3.23,3.21,3.21,3.23,3.28,3.28,3.28,3.24,3.14,3.1,3.07,3.14,3.09,3.06,3.19,3.21,-999,-999,3.08,3.26,3.4,-999,-999,-999,2.75,2.74,3.19,3.13,3.06,2.97,2.98,3.07,3.02,2.97,2.91,2.9,2.87,2.87,2.96,3.15,3.32,3.34,3.54,4,3.6,-999,-999,-999,-999,-999,-999,-999,-999,-999,-999,-999,-999,-999,-999,-999,-999,-999,-999,-999,-999,-999,-999,-999,-999,-999,-999,-999,3.6,3.58,3.62,3.57,3.49,3.5,3.48,3.4,3.43,-999,-999,3.69,3.58,3.61,3.51,3.52,3.61,3.63,-999,3.55,-999,-999,-999,3.38,3.45,3.38,-999,-999,-999,3.27,3.32,3.3,3.29,3.26,3.25,3.27,3.27,3.3,3.32,3.36,3.39,3.4,3.41,3.43,3.44,3.42,3.39,3.38,3.34,3.31,3.3,11.25
8.75,3.24,3.21,3.23,3.22,3.22,3.22,3.23,3.22,3.21,3.18,3.17,3.14,3.08,3.08,3.08,3.05,3.05,3.11,3.13,3.12,3.08,3.08,3.08,3.06,3.06,3.1,3.14,3.16,3.16,3.16,3.13,3.2,3.34,3.36,3.21,3.12,3.06,3.07,-999,-999,-999,-999,-999,-999,-999,-999,-999,-999,3.19,3.08,3.09,3.2,3.17,3.15,3.1,3.07,3.08,3.07,3.14,3.29,3.37,3.41,3.42,3.63,3.86,3.86,3.77,-999,-999,-999,-999,-999,-999,-999,-999,-999,-999,-999,-999,-999,-999,-999,-999,-999,-999,-999,-999,-999,-999,-999,-999,-999,-999,3.68,3.7,3.67,3.61,3.49,3.47,3.44,3.44,3.42,3.46,3.58,-999,3.51,3.46,3.45,3.48,3.59,3.53,-999,3.53,3.55,-999,3.41,3.32,3.44,3.41,-999,3.58,-999,-999,3.47,3.44,3.41,3.4,3.39,3.39,3.32,3.3,3.33,3.32,3.33,3.35,3.39,3.43,3.41,3.39,3.34,3.33,3.32,3.3,3.26,8.75
6.25,3.09,3.1,3.11,3.14,3.14,3.12,3.15,3.11,3.08,3.1,3.08,3.07,3.08,3.08,3.07,3.04,2.99,2.97,3.05,3.1,3.12,3.04,2.96,2.93,2.92,2.91,2.94,2.97,2.99,3.03,2.96,3.01,3.13,3.17,3.23,3.32,3.22,3.22,3.12,2.99,2.92,-999,-999,-999,-999,-999,-999,-999,-999,2.81,3.12,3.38,3.5,3.38,3.25,3.22,3.25,3.26,3.36,3.47,3.54,3.54,3.58,3.68,3.71,3.83,3.85,-999,-999,-999,-999,-999,-999,-999,-999,-999,-999,-999,-999,-999,-999,-999,-999,-999,-999,-999,-999,-999,-999,-999,-999,-999,3.62,3.62,3.6,3.54,3.51,3.46,3.45,3.38,3.4,3.43,3.44,3.46,-999,3.5,3.52,3.46,3.44,3.47,3.49,-999,-999,3.44,3.46,3.44,3.4,3.33,-999,3.36,-999,-999,-999,3.42,3.41,3.4,3.37,3.43,3.45,3.38,3.32,3.34,3.34,3.31,3.3,3.31,3.29,3.27,3.28,3.24,3.24,3.22,3.16,3.1,6.25
3.75,2.88,2.93,2.93,2.98,3.03,3.07,3.19,3.18,3.12,3.08,3.12,3.1,3.05,3.08,3.08,3.2,3.15,3.25,3.19,3.23,3.34,3.41,3.23,3.17,3.06,3.11,3.08,2.98,2.89,2.81,2.66,2.74,2.75,2.85,2.99,3.14,3.29,3.31,3.14,3.06,2.83,-999,-999,-999,-999,-999,-999,-999,-999,-999,-999,-999,3.57,3.54,3.46,3.43,3.41,3.38,3.38,3.46,3.53,3.6,3.65,3.69,3.62,3.61,3.63,3.75,3.7,3.62,3.63,3.57,3.58,3.54,3.62,-999,-999,-999,-999,-999,-999,-999,-999,-999,-999,-999,-999,-999,-999,-999,-999,3.57,3.67,3.69,3.63,3.63,3.62,3.55,3.47,3.39,3.34,3.39,3.43,3.43,3.5,3.38,3.38,3.32,3.24,3.22,-999,-999,-999,-999,3.33,3.39,3.2,-999,-999,3.42,3.43,3.35,3.26,3.26,3.33,3.34,3.36,3.37,3.38,3.31,3.24,3.22,3.17,3.16,3.16,3.09,2.99,2.95,2.94,2.94,2.9,2.88,2.9,2.89,3.75
1.25,2.78,2.73,2.76,2.9,2.89,2.87,2.94,3.05,3.02,3,2.99,2.96,2.88,2.97,3.01,2.95,2.86,2.95,3.06,3.05,3.18,3.17,2.96,2.68,3.02,2.96,3.21,3.29,3.1,3.03,3.27,3.45,3.39,3.4,3.25,3.39,3.31,3.16,3.18,3.29,-999,-999,-999,-999,-999,-999,-999,-999,-999,-999,-999,-999,3.43,3.62,3.73,3.66,3.59,3.58,3.61,3.64,3.69,3.72,3.78,3.79,3.7,3.67,3.66,3.66,3.74,3.69,3.64,3.66,3.6,3.6,3.59,3.52,-999,-999,-999,-999,-999,-999,-999,-999,-999,-999,-999,-999,-999,-999,3.51,3.62,3.56,3.5,3.49,3.45,3.37,3.34,3.3,3.26,3.25,3.23,3.2,3.19,3.12,3.12,3.11,3.12,3.14,3.12,3.05,-999,-999,3.23,3.34,-999,-999,-999,-999,-999,-999,-999,3.39,3.22,3.12,3.08,3.16,3.21,3.18,3.09,3.05,3.05,2.94,2.9,2.87,2.86,2.8,2.87,2.79,2.73,2.76,2.72,2.71,2.72,1.25
-1.25,2.72,2.69,2.63,2.72,2.7,2.58,2.79,2.61,2.7,2.55,2.53,2.56,2.38,2.63,2.53,2.53,2.53,2.46,2.67,2.65,2.84,3,3.19,3.17,3.25,3.55,3.72,3.92,3.95,4,3.96,4.07,4.24,4.22,4.17,-999,3.62,3.47,3.39,-999,-999,-999,-999,-999,-999,-999,-999,-999,-999,-999,-999,-999,-999,-999,3.56,3.61,3.64,3.7,3.81,3.96,4.01,4.05,4.06,3.98,3.87,3.8,3.77,3.76,3.74,3.76,3.71,3.68,3.65,3.67,3.62,-999,-999,-999,-999,-999,-999,-999,-999,-999,-999,-999,-999,-999,-999,3.43,3.54,3.55,3.55,3.59,3.58,3.52,3.38,3.24,3.08,3.01,3.03,3.01,2.93,2.88,2.83,2.8,2.84,2.87,2.89,2.88,2.93,3.05,-999,-999,3.26,3.27,-999,-999,-999,-999,-999,3.43,3.41,3.35,-999,-999,2.93,2.82,2.8,2.81,2.76,2.75,2.67,2.55,2.53,2.53,2.59,2.64,2.75,2.65,2.59,2.7,2.59,2.6,-1.25
-3.75,2.74,2.83,2.9,2.84,2.82,2.83,2.85,2.73,2.67,2.86,2.68,2.54,2.57,2.69,2.76,2.69,2.91,2.63,2.73,2.93,2.73,2.96,3.19,3.05,3.16,3.19,3.11,3.45,3.23,3.58,3.54,3.5,3.57,3.62,3.62,3.59,3.49,3.45,3.26,-999,-999,-999,-999,-999,-999,-999,-999,-999,-999,-999,-999,-999,-999,-999,-999,-999,-999,3.71,3.69,3.79,3.81,3.87,3.85,3.83,3.75,3.75,3.69,3.61,3.6,3.59,3.59,3.6,3.61,3.6,3.58,3.53,-999,-999,-999,-999,-999,-999,-999,-999,-999,-999,-999,-999,3.51,3.44,3.5,3.58,3.62,3.6,3.55,3.54,3.46,3.38,3.27,3.2,3.17,3.13,3.11,3.06,3.07,3.03,3,3.01,3.01,3.05,3.17,3.09,3.08,-999,-999,3.28,3.27,3.25,-999,-999,-999,3.4,3.39,3.39,3.23,-999,-999,-999,-999,-999,3.09,3.1,2.9,2.61,2.58,2.52,2.63,2.68,2.75,2.8,2.77,2.76,2.8,2.81,-3.75
-6.25,3.04,3.08,3.09,3.15,3.16,3.15,3.08,3.05,2.98,2.97,2.97,2.92,2.9,2.85,2.8,2.81,2.77,2.78,2.79,2.77,2.77,2.74,2.88,2.89,2.99,2.99,3.01,3.03,3.12,3.25,3.28,3.33,3.41,3.48,3.53,3.57,3.66,3.59,3.27,-999,-999,-999,-999,-999,-999,-999,-999,-999,-999,-999,-999,-999,-999,-999,-999,-999,-999,-999,3.59,3.64,3.63,3.67,3.67,3.67,3.67,3.69,3.67,3.68,3.65,3.61,3.66,3.68,3.72,3.7,3.63,3.51,3.3,-999,-999,-999,-999,-999,-999,-999,-999,-999,-999,-999,3.52,3.43,3.52,3.51,3.53,3.58,3.56,3.62,3.53,3.47,3.44,3.38,3.26,3.19,3.16,3.11,3.12,3.1,3.12,3.1,3.08,3.14,3.16,3.25,3.3,3.4,-999,3.37,3.28,3.32,3.31,3.38,3.38,3.34,3.34,3.38,3.4,3.31,3.27,-999,-999,-999,-999,-999,-999,2.96,-999,2.8,2.83,2.87,2.9,2.88,2.93,2.92,2.98,3.03,-6.25
-8.75,3.14,3.17,3.2,3.21,3.18,3.18,3.17,3.11,3.08,3.07,3.03,3.01,2.93,2.87,2.81,2.76,2.71,2.71,2.71,2.7,2.68,2.69,2.7,2.69,2.71,2.69,2.69,2.75,2.81,2.83,2.9,2.92,3.03,3.14,3.27,3.4,3.7,3.9,3.72,3.92,-999,-999,-999,-999,-999,-999,-999,-999,-999,-999,-999,-999,-999,-999,-999,-999,-999,-999,3.64,3.48,3.53,3.55,3.57,3.55,3.59,3.63,3.65,3.61,3.58,3.55,3.55,3.6,3.65,3.69,3.6,3.44,3.33,-999,-999,-999,-999,-999,-999,-999,-999,-999,-999,-999,3.53,3.5,3.46,3.51,3.61,3.6,3.61,3.6,3.49,3.4,3.33,3.3,3.25,3.17,3.13,3.04,3.04,3.04,3.03,3.02,3.04,3.09,3.13,3.17,3.18,3.26,3.39,3.37,3.29,-999,-999,-999,-999,-999,-999,-999,3.57,3.54,3.54,3.64,-999,3.51,-999,-999,3.23,2.88,2.92,2.9,2.89,2.9,2.94,2.98,2.96,2.98,2.99,3.07,-8.75
-11.25,2.98,3.05,3.11,3.09,3.12,3.18,3.24,3.2,3.15,3.12,3.04,2.96,2.9,2.82,2.74,2.65,2.59,2.58,2.57,2.56,2.55,2.53,2.54,2.53,2.52,2.53,2.54,2.55,2.57,2.57,2.58,2.61,2.68,2.77,2.9,3.1,3.33,3.61,3.98,3.99,3.57,-999,-999,-999,-999,-999,-999,-999,-999,-999,-999,-999,-999,-999,-999,-999,-999,3.64,3.48,3.43,3.48,3.54,3.55,3.57,3.59,3.62,3.61,3.57,3.52,3.47,3.42,3.41,3.45,3.54,3.64,3.5,3.25,-999,-999,-999,-999,-999,-999,-999,-999,-999,-999,-999,3.54,3.53,3.49,3.43,3.57,3.63,3.56,3.5,3.4,3.3,3.26,3.22,3.19,3.14,3.08,3.06,3.03,2.99,2.95,2.98,3,3.02,3.04,3.07,3.11,3.17,3.16,3.13,3.19,3.24,3.31,3.38,3.39,3.41,3.47,3.38,3.55,3.58,3.63,3.72,3.46,3.45,3.43,3.32,3.32,3.14,3.22,3.18,3.1,3.19,3.15,3.1,3.06,2.95,2.99,2.98,-11.25
-13.75,2.85,2.92,2.98,3.05,3.15,3.14,3.21,3.29,3.26,3.23,3.2,3.11,3.05,2.98,2.91,2.76,2.59,2.45,2.37,2.33,2.31,2.29,2.26,2.23,2.21,2.22,2.23,2.24,2.26,2.29,2.34,2.41,2.5,2.58,2.68,2.84,3.08,3.35,3.73,4.17,4.03,-999,-999,-999,-999,-999,-999,-999,-999,-999,-999,-999,-999,-999,-999,-999,-999,3.49,3.41,3.37,3.41,3.41,3.4,3.43,3.42,3.44,3.42,3.38,3.4,3.4,3.35,3.33,3.38,3.45,3.52,3.6,3.31,-999,-999,-999,-999,-999,-999,-999,-999,-999,-999,-999,-999,3.54,3.36,-999,3.34,3.49,3.44,3.43,3.38,3.32,3.25,3.2,3.17,3.12,3.08,3.06,2.99,2.93,2.91,2.9,2.89,2.91,2.92,2.96,3.01,3.07,3.12,3.15,3.21,3.28,3.39,3.48,3.52,3.56,3.49,3.5,-999,-999,-999,3.69,3.72,-999,3.24,3.26,3.28,3.28,3.22,3.2,3.2,3.2,3.14,3.07,3,2.93,2.85,2.81,-13.75
-16.25,2.82,2.83,2.9,3,3.04,3.1,3.15,3.21,3.26,3.35,3.42,3.37,3.28,3.2,3.14,3.08,2.93,2.76,2.62,2.45,2.32,2.2,2.02,1.88,1.76,1.7,1.65,1.6,1.58,1.62,1.72,1.85,2.01,2.2,2.4,2.62,2.85,3.07,3.32,3.56,3.82,3.87,-999,-999,-999,-999,-999,-999,-999,-999,-999,-999,-999,-999,-999,-999,-999,3.34,3.29,3.21,3.18,3.15,3.15,3.16,3.11,3.11,3.12,3.16,3.18,3.19,3.19,3.21,3.27,3.34,3.43,3.62,3.21,-999,-999,-999,-999,-999,-999,-999,-999,-999,-999,-999,3.46,-999,-999,-999,3.18,3.25,3.23,3.22,3.22,3.23,3.19,3.16,3.13,3.08,3,2.91,2.85,2.83,2.88,2.9,2.86,2.8,2.73,2.68,2.71,2.81,2.94,3.07,3.17,3.25,3.3,3.3,3.32,-999,-999,-999,-999,-999,-999,3.6,-999,-999,-999,3.34,3.4,3.4,3.36,3.27,3.21,3.16,3.11,3.09,3.01,2.96,2.86,2.79,-16.25
-18.75,2.8,2.77,2.8,2.85,2.89,2.89,2.92,2.92,2.98,3.13,3.27,3.38,3.38,3.32,3.24,3.16,3.06,2.98,2.9,2.82,2.73,2.58,2.44,2.26,2.02,1.79,1.67,1.53,1.41,1.31,1.27,1.24,1.29,1.4,1.55,1.75,2.07,2.43,2.66,2.85,3.1,3.53,3.83,3.82,-999,-999,-999,-999,-999,-999,-999,-999,-999,-999,-999,-999,3.53,3.31,3.2,3.14,3.04,3.04,3,2.97,2.93,2.95,2.97,2.96,2.94,2.95,2.97,3.01,3.07,3.16,3.34,3.53,3.25,-999,-999,-999,-999,-999,-999,-999,-999,-999,-999,3.41,3.38,-999,-999,-999,3.22,3.12,3.06,2.98,2.97,2.97,2.98,2.99,2.98,2.99,2.95,2.85,2.8,2.79,2.79,2.86,2.87,2.86,2.81,2.75,2.68,2.74,2.93,3.11,3.12,3.01,3.1,3.15,-999,-999,-999,-999,-999,-999,-999,-999,-999,-999,-999,3.26,3.39,3.44,3.43,3.35,3.31,3.26,3.23,3.18,3.12,3.07,2.86,2.99,-18.75
-21.25,2.95,2.86,2.77,2.75,2.81,2.8,2.76,2.67,2.69,2.82,2.94,3.05,3.13,3.19,3.24,3.2,3.13,3.01,2.99,2.95,2.93,2.86,2.8,2.73,2.61,2.33,2.07,1.9,1.76,1.61,1.52,1.45,1.4,1.35,1.35,1.26,1.11,1.19,1.7,2.56,3.34,3.44,3.56,3.87,-999,-999,-999,-999,-999,-999,-999,-999,-999,-999,-999,-999,3.4,3.12,3.26,3.31,3.32,3.38,3.35,3.26,3.13,3,2.98,2.95,2.89,2.84,2.8,2.82,2.86,2.95,3.09,3.21,3.36,-999,-999,-999,-999,-999,-999,-999,-999,-999,3.23,3.5,3.48,-999,-999,-999,3.11,3.14,3.02,3.05,3.03,2.92,2.78,2.67,2.65,2.65,2.65,2.64,2.65,2.69,2.71,2.76,2.81,2.85,2.86,2.86,2.79,2.75,2.96,3.18,3.04,3,-999,-999,-999,-999,-999,-999,-999,-999,-999,-999,-999,-999,-999,-999,3.41,3.34,3.51,3.5,3.46,3.39,3.1,3.17,3.18,3.12,3.13,3.1,-21.25
-23.75,3.18,3.12,2.94,2.84,2.81,2.83,2.86,2.82,2.78,2.74,2.81,2.82,2.82,2.92,3.03,3.07,3.08,3.04,2.94,2.87,2.83,2.85,2.85,2.81,2.81,2.76,2.58,2.33,2.15,2,1.8,1.7,1.59,1.64,1.79,1.84,1.72,1.37,1.18,1.41,2.29,3.26,3.76,4.13,-999,-999,-999,-999,-999,-999,-999,-999,-999,-999,3.07,3.22,3.03,2.75,2.91,2.97,3.01,3.06,3.13,3.28,3.4,3.3,3.17,3.09,3.04,2.95,2.85,2.8,2.8,2.82,2.92,3.04,3.26,3.73,-999,-999,-999,-999,-999,-999,-999,-999,3.03,3.25,3.43,-999,-999,2.97,2.71,2.78,2.84,2.9,2.99,2.97,2.8,2.67,2.61,2.61,2.57,2.53,2.53,2.6,2.65,2.69,2.71,2.77,2.8,2.84,2.83,2.72,2.81,2.95,2.95,-999,-999,-999,-999,-999,-999,-999,-999,-999,-999,-999,-999,-999,-999,-999,-999,3.26,3.51,3.56,3.44,3.31,3.2,3.22,3.24,3.21,3.15,3.17,-23.75
-26.25,3.4,3.33,3.23,3.22,3.2,3.18,3.16,3.13,3.05,2.96,2.92,2.92,2.92,2.84,2.81,2.85,2.85,2.94,2.96,2.92,2.79,2.81,2.91,2.98,3.01,2.98,2.95,2.86,2.68,2.64,2.52,2.3,2.05,1.95,2.04,2.09,2.07,1.81,1.53,1.34,1.94,3.33,3.85,-999,-999,-999,-999,-999,-999,-999,-999,-999,-999,2.96,2.81,2.59,2.34,2.27,2.42,2.54,2.68,2.78,2.79,2.8,3,3.22,3.3,3.35,3.31,3.26,3.13,2.89,2.89,2.88,2.85,2.89,3.04,3.54,-999,-999,-999,-999,-999,-999,-999,2.92,2.82,3.33,3.33,3.1,2.9,3.27,2.92,2.82,2.8,2.78,2.83,2.78,2.62,2.52,2.49,2.5,2.46,2.42,2.38,2.46,2.53,2.69,2.73,2.8,2.8,2.76,2.76,2.72,2.73,2.74,2.86,-999,-999,-999,-999,-999,-999,-999,-999,-999,-999,-999,-999,-999,-999,-999,-999,3.21,3.15,3.31,3.35,3.28,3.3,3.34,3.38,3.36,3.31,3.34,-26.25
-28.75,3.45,3.46,3.45,3.48,3.49,3.42,3.38,3.33,3.24,3.11,3,2.95,2.88,2.83,2.7,2.59,2.58,2.67,2.86,2.94,2.87,2.91,3,3.12,3.27,3.29,3.27,3.15,2.96,2.79,2.74,2.52,2.23,2.15,2.22,2.16,2.15,2.18,2.05,1.8,1.6,2.73,3.76,-999,-999,-999,-999,-999,-999,-999,-999,-999,-999,2.99,2.67,2.4,2.26,2.1,2.15,2.15,2.35,2.58,2.72,2.69,2.7,2.91,3.16,3.39,3.67,3.76,3.73,3.55,3.15,3,2.83,2.6,2.59,2.94,3.23,-999,-999,-999,-999,-999,-999,3.05,3.72,3.4,3.28,3.24,3.21,3.37,3.26,3,2.82,2.72,2.72,2.69,2.56,2.51,2.52,2.61,2.68,2.72,2.7,2.74,2.82,2.94,2.98,2.98,2.96,2.97,2.89,2.76,2.71,2.69,2.74,2.87,-999,-999,-999,-999,-999,-999,-999,-999,-999,-999,-999,-999,-999,-999,-999,3.22,3.1,3.11,3.12,3.16,3.09,3.27,3.34,3.35,3.36,3.38,-28.75
-31.25,3.39,3.46,3.49,3.52,3.52,3.45,3.37,3.3,3.19,3.04,2.99,2.95,2.75,2.51,2.41,2.33,2.32,2.33,2.51,2.71,2.76,2.82,2.96,3.14,3.29,3.38,3.33,3.31,3.19,3.03,2.99,2.8,2.51,2.41,2.31,2.3,2.2,2.19,2.28,2.2,1.96,1.95,3.88,-999,-999,-999,-999,-999,-999,-999,-999,-999,3.25,3.13,3.11,2.76,2.71,2.56,2.49,2.39,2.28,2.39,2.61,2.71,2.8,2.83,2.94,3.18,3.45,3.92,4.11,4.29,3.98,3.36,3.03,2.85,2.78,2.73,2.69,-999,-999,-999,-999,-999,-999,3.13,2.59,3.21,3.02,3.01,3.12,3.17,3.09,2.95,2.74,2.64,2.65,2.7,2.65,2.61,2.56,2.57,2.65,2.68,2.71,2.75,2.89,3.02,3.08,3.15,3.16,3.15,3.12,3.03,2.87,2.66,2.65,2.67,-999,-999,-999,-999,-999,-999,-999,-999,-999,-999,-999,-999,-999,-999,-999,3.21,3.07,3.2,3.2,3.18,3.24,3.31,3.36,3.41,3.35,3.33,-31.25
-33.75,3.51,3.62,3.71,3.73,3.73,3.66,3.54,3.45,3.29,3.07,2.9,2.79,2.68,2.45,2.28,2.16,2.08,2.12,2.18,2.38,2.5,2.66,2.88,2.97,3.05,3.16,3.18,3.14,3.17,3.1,3.01,2.91,2.74,2.69,2.6,2.49,2.41,2.41,2.47,2.5,2.33,2.21,3.39,-999,-999,-999,-999,-999,-999,-999,-999,3.88,3.36,3.46,3.65,3.34,3.2,3.21,3.19,3.1,3,2.85,2.75,2.65,2.6,2.72,2.95,3.19,3.37,3.57,3.99,4.5,4.62,3.8,3.12,2.99,2.92,2.88,2.81,-999,-999,-999,-999,2.78,2.42,1.91,1.87,1.82,1.88,1.7,1.94,2.2,2.31,2.39,2.31,2.15,2.05,2.07,2.18,2.24,2.18,2.08,2.11,2.28,2.36,2.42,2.54,2.74,2.92,3.02,3.12,3.18,3.11,3.02,2.99,2.92,2.83,2.78,-999,-999,-999,-999,2.72,2.85,2.8,2.68,-999,-999,-999,-999,-999,-999,-999,3.33,3.37,3.3,3.38,3.44,3.46,3.58,3.64,3.7,3.7,3.56,-33.75
-36.25,3.84,3.83,4.01,4.1,4.03,3.93,3.82,3.69,3.47,3.22,2.97,2.82,2.72,2.48,2.27,2.13,2.03,2.04,2.11,2.2,2.3,2.44,2.67,2.68,2.63,2.77,2.88,2.85,2.86,2.91,2.89,2.81,2.72,2.72,2.7,2.65,2.7,2.77,2.82,2.81,2.73,2.36,3.06,-999,-999,-999,-999,-999,-999,3.76,4.28,3.85,3.7,3.81,3.97,4.05,4.05,3.99,3.94,3.9,3.92,4.02,4.03,3.93,3.57,2.94,2.6,2.87,3.23,3.42,3.55,3.81,4.4,4.78,4.06,3.32,3.17,3.2,3.23,3.11,2.9,2.9,2.71,2.7,2.38,2.41,2.32,2.07,1.8,1.58,1.5,1.47,1.53,1.73,1.88,1.86,1.74,1.62,1.59,1.61,1.62,1.65,1.72,1.75,1.72,1.84,2.04,2.23,2.43,2.61,2.78,2.95,3.04,2.97,2.89,2.76,2.59,2.57,2.73,2.83,2.87,2.84,2.82,2.89,2.98,3.07,2.98,-999,-999,-999,-999,-999,3.81,4.03,3.82,3.67,3.8,3.92,3.87,3.77,3.55,3.47,3.78,3.92,-36.25
-38.75,3.81,3.93,4.11,4.23,4.15,3.98,3.83,3.71,3.5,3.26,3.05,2.85,2.71,2.51,2.3,2.13,2.01,1.98,2.03,2.17,2.18,2.25,2.34,2.34,2.38,2.48,2.6,2.6,2.59,2.68,2.67,2.65,2.64,2.64,2.71,2.82,2.92,2.98,3.04,3.12,3.12,2.87,2.53,-999,-999,-999,-999,-999,-999,3.79,4.45,4.02,4.16,4.23,4.24,4.36,4.54,4.68,4.67,4.58,4.52,4.61,4.89,5.18,5.35,5.03,4,3.07,2.96,3.27,3.44,3.49,3.54,3.76,4.24,4.55,4.78,4.14,3.48,3.35,3.24,3.07,3,3.08,3.39,3.53,3.57,3.73,3.54,2.76,2.25,1.91,1.68,1.72,1.98,2.21,2.18,2,1.91,1.91,1.82,1.73,1.93,2.11,2.02,1.94,1.95,2,2.12,2.2,2.3,2.43,2.56,2.67,2.73,2.74,2.59,2.43,2.48,2.63,2.78,2.86,2.85,2.85,2.94,3.04,2.95,3.07,3.03,3.24,4.15,5.06,4.82,4.81,4.42,4.29,4.23,4.13,3.99,3.79,3.58,3.37,-999,3.64,-38.75
-41.25,4.07,3.78,3.7,3.81,3.81,3.68,3.44,3.3,3.23,3.12,3.02,2.81,2.67,2.51,2.28,2.12,2,1.92,1.96,2.11,2.15,2.16,2.13,2.12,2.13,2.28,2.4,2.49,2.56,2.61,2.61,2.61,2.57,2.54,2.63,2.73,2.87,2.94,2.97,3.08,3.18,3.12,-999,-999,-999,-999,-999,3.65,3.47,4.25,5.02,4.56,3.92,3.6,3.47,3.39,3.47,3.64,3.86,4.05,4.17,4.23,4.54,5.07,5.54,5.54,5.04,3.92,3.25,3.32,3.48,3.5,3.47,3.57,3.69,3.84,4.02,4.16,4.34,4.47,4.49,4.73,4.93,4.7,4.54,4.61,4.88,5.32,5.32,4.6,4.15,3.88,3.34,2.95,2.85,2.91,2.95,2.82,2.67,2.68,2.58,2.38,2.48,2.71,2.79,2.63,2.46,2.52,2.57,2.46,2.31,2.32,2.46,2.55,2.58,2.65,2.72,2.71,2.63,2.64,2.74,2.86,2.92,2.91,2.9,2.86,2.78,2.9,3.04,3.39,-999,4.9,5.16,5.03,4.47,4.41,4.21,4.05,3.8,3.52,3.33,-999,3.73,4.2,-41.25
-43.75,3.02,2.81,2.69,2.67,2.64,2.64,2.67,2.62,2.63,2.7,2.71,2.64,2.55,2.45,2.25,2.08,1.96,1.92,1.92,2.08,2.2,2.14,2.09,2.02,1.98,2.07,2.21,2.44,2.6,2.65,2.7,2.71,2.67,2.62,2.59,2.68,2.76,2.82,2.86,2.93,3,2.85,-999,-999,-999,-999,3.79,3.28,3.14,3.16,3.25,3.18,3.17,3.13,3.04,3.02,3.02,3.04,3.09,3.21,3.36,3.45,3.6,3.93,4.18,4.28,4.14,3.61,3.32,3.34,3.46,3.55,3.59,3.74,3.89,3.78,3.84,3.99,4.05,4.03,4,4.11,4.31,4.34,4.46,4.7,4.99,5.26,5,4.63,4.72,4.76,4.4,4,3.54,3.19,3.17,3.14,3.24,3.21,3.23,3.03,2.98,3.22,3.41,3.32,3.14,3.17,3.3,3.31,3.05,2.84,2.93,3.02,2.98,2.98,3.05,3.15,3.07,2.92,2.84,2.86,2.87,2.88,2.94,2.95,2.76,2.75,3.39,4.37,5.39,6.7,5.53,4.41,4.11,3.96,3.76,3.62,3.35,-999,-999,3.01,2.95,2.93,-43.75
-46.25,2.37,2.34,2.25,2.15,2.02,1.9,1.85,1.82,1.85,1.95,2.08,2.21,2.29,2.33,2.25,2.13,2.01,1.95,1.93,1.98,2.14,2.21,2.21,2.16,2.07,2.05,2.11,2.27,2.42,2.51,2.59,2.65,2.62,2.63,2.64,2.68,2.71,2.72,2.76,2.8,2.77,2.66,-999,-999,-999,3.46,3.4,3.04,3,3.12,3.18,3.15,3.12,3.08,3.01,2.96,2.94,2.91,2.88,2.92,2.99,3.06,3.16,3.3,3.47,3.63,3.73,3.57,3.42,3.47,3.43,3.41,3.43,3.54,3.7,3.63,3.6,3.63,3.67,3.74,3.77,3.82,3.87,3.8,3.91,4.08,4.18,4.31,4.29,4.12,3.99,3.95,4.12,4.25,3.77,3.35,3.36,3.71,4.09,3.93,3.96,3.8,3.7,3.84,3.97,3.79,3.61,3.59,3.75,4.09,4.21,4.13,4.12,4.09,4.02,3.87,3.73,3.84,3.86,3.65,3.47,3.32,3.1,2.98,3.01,3.05,2.97,2.74,2.69,3.07,3.7,4.28,3.59,3.15,3.07,3.08,3.11,3.03,3.08,-999,2.64,2.39,2.3,2.32,-46.25
-48.75,1.62,1.67,1.66,1.63,1.54,1.46,1.44,1.41,1.4,1.47,1.58,1.72,1.86,1.99,2.09,2.12,2.09,2.05,2.03,2.04,2.08,2.14,2.16,2.09,2,1.97,2,2.09,2.19,2.3,2.37,2.45,2.46,2.52,2.59,2.66,2.75,2.72,2.68,2.65,2.63,2.58,-999,-999,-999,-999,3.03,2.99,3.06,2.98,2.97,3.11,3.11,3.09,3.04,3.06,3.1,3.03,3.01,2.99,2.98,3.02,3.09,3.17,3.26,3.27,3.15,3.09,3.24,3.35,3.29,3.37,3.31,3.28,3.44,3.57,3.49,3.41,3.44,3.56,3.61,3.57,3.57,3.44,3.37,3.51,3.67,3.8,3.88,3.76,3.52,3.52,3.62,3.7,3.58,3.45,3.68,4.09,4.05,4.03,3.98,3.93,3.88,3.92,3.96,3.94,3.89,3.84,3.77,3.84,3.94,4.04,4.16,4.29,4.39,4.37,4.19,4.21,4.25,4.13,4,3.86,3.54,3.35,3.38,3.45,3.37,3.06,2.86,2.76,2.59,2.52,2.54,2.43,2.33,2.35,2.38,2.42,2.46,2.18,1.79,1.73,1.72,1.7,-48.75
-51.25,1.34,1.36,1.4,1.4,1.35,1.22,1.12,1.02,0.97,1.04,1.16,1.3,1.44,1.59,1.76,1.91,1.99,2.01,2.03,2.05,2.02,2,1.97,1.89,1.83,1.84,1.9,1.96,2.07,2.18,2.25,2.26,2.3,2.38,2.45,2.52,2.61,2.61,2.63,2.59,2.5,2.47,-999,-999,-999,2.82,2.95,3.21,3.31,3.09,2.9,2.85,2.8,2.77,2.78,2.71,2.65,2.4,2.34,2.37,2.45,2.55,2.67,2.78,2.89,2.96,2.92,2.85,2.98,3.1,3.14,3.2,3.15,3.23,3.33,3.41,3.32,3.42,3.46,3.55,3.61,3.6,3.59,3.53,3.46,3.46,3.52,3.62,3.64,3.54,3.42,3.51,3.65,3.68,3.57,3.48,3.6,3.91,4.18,4.29,4.19,3.96,3.96,3.76,3.62,3.51,3.48,3.57,3.64,3.67,3.68,3.69,3.73,3.8,3.92,4.05,4.1,4.13,4.1,4.03,3.94,3.83,3.62,3.49,3.5,3.53,3.55,3.54,3.46,3.23,2.72,2.5,2.48,2.34,2.12,2.09,2.12,1.84,1.66,1.66,1.52,1.49,1.44,1.38,-51.25
-53.75,1.16,1.16,1.21,1.23,1.18,1.08,0.94,0.8,0.75,0.79,0.89,0.98,1.03,1.1,1.29,1.48,1.57,1.65,1.74,1.84,1.87,1.84,1.81,1.77,1.71,1.7,1.76,1.88,2,2.09,2.16,2.19,2.21,2.29,2.35,2.38,2.38,2.38,2.41,2.45,2.42,2.32,2.41,-999,-999,2.68,2.73,2.86,3.07,2.87,2.8,2.84,2.79,2.55,2.45,2.44,2.46,2.24,1.63,1.5,1.63,1.78,1.96,2.19,2.45,2.67,2.86,3,3.09,3.1,3.13,3.17,3.24,3.33,3.36,3.42,3.45,3.46,3.44,3.54,3.71,3.93,3.82,3.59,3.43,3.39,3.47,3.54,3.57,3.59,3.59,3.67,3.69,3.57,3.47,3.41,3.46,3.6,3.74,3.94,3.97,3.92,3.96,2.9,2.35,2.11,2.12,2.28,2.49,2.69,2.81,2.91,3.08,3.18,3.25,3.29,3.37,3.48,3.53,3.51,3.47,3.43,3.37,3.34,3.33,3.29,3.23,3.25,3.31,3.22,2.93,2.71,2.65,2.54,2.4,2.34,2.2,1.79,1.69,1.6,1.52,1.45,1.35,1.24,-53.75
-56.25,0.91,0.89,0.91,0.88,0.81,0.76,0.77,0.83,0.85,0.93,1.16,1.32,1.44,1.46,1.31,1.19,1.27,1.38,1.44,1.5,1.57,1.61,1.62,1.58,1.55,1.61,1.72,1.81,1.89,1.98,2.07,2.13,2.19,2.26,2.3,2.32,2.3,2.23,2.14,2.14,2.19,2.28,2.33,2.33,2.41,2.52,2.46,2.5,2.56,2.67,2.95,3.17,3.04,2.81,2.66,2.23,1.61,1.61,1.41,1.36,1.61,1.87,2.04,2.23,2.47,2.72,2.93,3.09,3.2,3.16,3.18,3.29,3.47,3.7,4.03,4.27,4.32,4.13,3.96,4.08,4.28,4.26,3.96,3.66,3.49,3.5,3.61,3.75,3.87,3.93,3.92,3.89,3.83,3.71,3.6,3.49,3.42,3.36,3.35,3.32,3.2,2.82,2.65,1.99,1.57,1.37,1.4,1.54,1.77,1.94,2.04,2.21,2.42,2.47,2.53,2.54,2.56,2.64,2.71,2.75,2.79,2.83,2.9,2.96,3,3,2.95,2.87,2.79,2.7,2.3,1.89,1.93,1.97,1.89,1.74,1.62,1.49,1.34,1.23,1.14,1.15,1.15,1.04,-56.25
-58.75,0.69,0.6,0.6,0.67,0.73,0.82,0.97,1.14,1.29,1.54,1.78,1.86,1.69,1.52,1.5,1.41,1.41,1.36,1.33,1.35,1.36,1.41,1.48,1.51,1.52,1.56,1.66,1.78,1.89,1.96,2.03,2.06,2.09,2.12,2.13,2.12,2.09,2.04,1.99,2.03,2.07,2.12,2.16,2.2,2.22,2.5,2.96,3.32,3.4,3.81,4.26,2.54,1.21,0.94,1.18,1.34,1.51,1.67,1.77,1.9,2.09,2.42,2.63,2.89,3.09,3.22,3.33,3.4,3.46,3.6,3.81,4.06,4.28,4.5,4.7,4.85,4.94,4.97,4.9,4.79,4.65,4.61,4.41,4.15,4.07,4.14,4.34,4.53,4.53,4.38,4.22,4.1,3.97,3.85,3.76,3.66,3.53,3.41,3.28,3.08,2.75,2.04,1.1,1.13,1.01,0.91,1.22,1.71,1.83,1.97,2.05,2.06,2.06,1.95,1.89,1.91,1.96,2.04,2.15,2.23,2.29,2.35,2.45,2.56,2.67,2.77,2.82,2.8,2.72,2.5,2.07,1,0.77,0.97,1.06,1.01,0.99,0.96,0.89,0.85,0.91,0.98,1,0.88,-58.75
-61.25,0.74,0.76,0.87,1.02,1.16,1.25,1.37,1.58,1.78,1.95,2.04,2.03,1.8,1.47,1.49,1.52,1.56,1.56,1.53,1.45,1.41,1.45,1.53,1.61,1.68,1.73,1.76,1.76,1.78,1.82,1.85,1.89,1.91,1.92,1.91,1.91,1.9,1.94,2.01,2.09,2.17,2.24,2.31,2.37,2.56,2.9,2.31,2.21,1.69,0.96,0.9,1.02,1.17,1.32,1.35,1.4,1.47,1.56,1.66,1.79,1.9,2.12,2.54,2.88,3.15,3.31,3.56,3.93,4.13,4.41,4.6,4.73,4.83,4.88,4.94,4.94,4.94,4.88,4.86,4.89,4.96,4.99,4.88,4.71,4.63,4.62,4.69,4.81,4.78,4.66,4.48,4.24,3.98,3.79,3.74,3.76,3.74,3.7,3.54,3.06,2.32,1.65,1.3,1.29,0.84,0.47,1.01,1.53,1.68,1.64,1.76,1.96,1.86,1.69,1.72,1.79,2.01,2.26,2.34,2.31,2.25,2.3,2.43,2.55,2.69,2.83,2.94,2.97,2.86,2.66,2.4,1.82,0.88,0.12,-0.24,-0.13,0.16,0.4,0.55,0.67,0.76,0.81,0.8,0.77,-61.25
-63.75,0.94,1.16,1.53,1.89,2.12,2.1,2.08,2.1,2.09,2.1,2.15,2.09,2.06,1.9,1.84,1.87,1.92,1.96,1.99,2,1.97,1.97,2.01,2.07,2.11,2.16,2.18,2.14,2.05,1.98,1.95,1.95,2,2.07,2.13,2.17,2.22,2.25,2.34,2.46,2.63,2.82,3.08,3.27,3.26,2.25,1.66,-999,-999,1.61,1.16,1.42,1.51,1.59,1.58,1.62,1.67,1.74,1.96,2.27,2.58,2.9,3.14,3.29,3.44,3.72,3.95,4.13,4.29,4.43,4.6,4.7,4.64,4.55,4.43,4.28,4.17,4.06,3.99,4.11,4.24,4.21,4.13,3.92,3.67,3.38,3.31,3.79,3.98,3.5,2.43,1.7,1.41,1.34,1.51,1.87,1.97,1.29,0.26,-0.27,-0.22,-0.2,-0.12,0.01,0.09,0.41,1.3,1.89,1.95,1.76,1.47,1.43,1.37,1.51,2.02,2.28,2.46,2.52,2.44,2.38,2.62,2.83,2.85,2.71,2.21,1.67,1.4,1.42,1.62,1.79,1.79,1.45,0.96,0.59,0.44,0.67,0.87,0.91,0.78,0.76,0.82,0.87,0.89,0.91,-63.75
-66.25,1.88,2.13,2.21,2.11,2,1.94,1.93,2,2.19,2.33,2.34,2.3,2.34,2.4,2.43,2.48,2.5,2.49,2.48,2.5,2.49,2.5,2.55,2.63,2.68,2.68,2.6,2.51,2.43,2.37,2.39,2.48,2.56,2.65,2.76,2.83,2.79,2.74,2.8,3.01,3.27,3.3,3.31,2.98,2.38,-999,-999,-999,1.52,1.62,2.01,2.06,2.05,2.05,1.98,2.04,2.24,2.46,2.64,2.86,3.09,3.17,3.31,3.54,3.7,3.83,3.93,3.97,3.9,3.83,3.89,3.97,4.02,4.01,3.74,3.32,2.88,2.57,2.54,2.74,2.98,3.02,2.88,2.69,2.48,2.18,1.99,1.83,1.61,1.34,1.16,1.04,-999,-999,-999,0.72,0.68,0.68,0.73,0.78,0.81,0.84,0.79,0.77,0.88,1.06,-999,1.09,0.98,1.04,-999,-999,-999,-999,-999,0.93,-999,-999,1.17,1.06,1.23,1.29,-999,1.5,-999,-999,-999,1.05,0.82,1.08,1.11,1.09,1.04,1.02,1.09,1.19,1.29,1.38,1.41,1.45,1.51,1.61,1.71,1.8,-66.25
-68.75,1.78,1.82,1.83,1.9,1.98,2,2.09,2.25,2.46,2.66,2.79,2.93,3.13,3.28,3.32,3.28,3.17,3.05,2.97,2.9,2.89,2.95,3.05,3.08,3,2.94,2.88,2.85,2.86,2.9,2.95,3.02,3.12,3.23,3.26,3.25,3.33,3.39,3.37,3.35,3.12,2.8,2.59,2.46,1.95,-999,-999,-999,1.62,1.64,2.02,2.32,2.27,2.35,2.52,2.6,2.69,2.84,2.98,3.09,3.19,3.3,3.43,3.47,3.45,3.35,3.15,2.9,2.63,2.35,2.09,1.98,2.01,1.99,1.8,1.61,1.49,1.45,1.49,1.61,1.79,1.95,1.99,2.16,2.49,-999,2.47,2.01,-999,-999,-999,-999,-999,-999,-999,-999,-999,-999,-999,-999,-999,1.41,1.06,-999,-999,-999,-999,-999,-999,-999,-999,-999,-999,-999,-999,-999,-999,-999,-999,-999,-999,-999,-999,-999,-999,-999,-999,-999,-999,-999,-999,-999,-999,-999,1.73,1.5,1.41,1.26,1.17,1.15,1.2,1.33,1.54,1.68,-68.75
-71.25,1.95,2.14,2.32,2.4,2.45,2.58,2.66,2.79,2.97,3.13,3.34,3.58,3.72,3.77,3.77,3.76,3.68,3.59,3.62,3.66,3.5,3.32,3.18,3.03,2.77,2.5,2.43,2.47,2.55,2.73,2.95,3.04,2.98,2.93,3,3.06,3.07,3.11,3.27,3.41,3.26,3.14,-999,-999,-999,-999,-999,-999,1.91,1.99,1.97,2.25,2.46,2.48,2.6,2.76,2.85,2.9,3,3.12,3.14,3.14,3.1,3.02,2.85,2.62,2.47,-999,-999,-999,-999,-999,-999,-999,-999,-999,-999,-999,-999,-999,-999,-999,-999,-999,-999,-999,-999,-999,-999,-999,-999,-999,-999,-999,-999,-999,-999,-999,-999,-999,-999,-999,-999,-999,-999,-999,-999,-999,-999,-999,-999,-999,-999,-999,-999,-999,-999,-999,-999,-999,-999,-999,-999,-999,-999,-999,-999,-999,-999,-999,-999,-999,-999,-999,-999,-999,-999,-999,-999,-999,1.07,1.33,1.47,1.74,-71.25
-73.75,1.95,2.16,2.51,2.88,3.16,3.3,3.43,3.57,3.68,3.77,3.86,3.95,4.02,3.94,3.67,3.26,2.8,2.46,2.2,2.17,2.26,-999,-999,-999,-999,2.32,-999,2.55,2.82,3.17,3.53,-999,-999,-999,-999,-999,-999,-999,-999,-999,-999,-999,-999,-999,-999,-999,-999,-999,2.73,2.3,1.94,1.99,2.15,2.35,2.38,2.5,2.63,2.69,2.73,2.92,3.33,3.74,3.78,-999,-999,-999,-999,-999,-999,-999,-999,-999,-999,-999,-999,-999,-999,-999,-999,-999,-999,-999,-999,-999,-999,-999,-999,-999,-999,-999,-999,-999,-999,-999,-999,-999,-999,-999,-999,-999,-999,-999,-999,-999,-999,-999,-999,-999,-999,-999,-999,-999,-999,-999,-999,-999,-999,-999,-999,-999,-999,-999,-999,-999,-999,-999,-999,-999,-999,-999,-999,-999,-999,-999,-999,-999,-999,-999,-999,1.31,1.38,1.55,1.58,1.69,-73.75
-76.25,1.98,2,2.04,2.24,2.4,2.56,2.78,2.97,3.05,2.93,2.52,2.39,-999,-999,-999,-999,-999,-999,-999,-999,-999,-999,-999,-999,-999,-999,-999,-999,-999,-999,-999,-999,-999,-999,-999,-999,-999,-999,-999,-999,-999,-999,-999,-999,-999,-999,-999,-999,-999,-999,-999,2.3,2.29,2.29,2.32,2.45,2.63,2.86,3.01,3.5,-999,-999,-999,-999,-999,-999,-999,-999,-999,-999,-999,-999,-999,-999,-999,-999,-999,-999,-999,-999,-999,-999,-999,-999,-999,-999,-999,-999,-999,-999,-999,-999,-999,-999,-999,-999,-999,-999,-999,-999,-999,-999,-999,-999,-999,-999,-999,-999,-999,-999,-999,-999,-999,-999,-999,-999,-999,-999,-999,-999,-999,-999,-999,-999,-999,-999,-999,-999,-999,-999,-999,-999,-999,-999,-999,-999,-999,1.49,1.48,1.51,1.52,1.68,1.75,1.91,-76.25
-78.75,-999,-999,-999,-999,-999,-999,-999,-999,-999,-999,-999,-999,-999,-999,-999,-999,-999,-999,-999,-999,-999,-999,-999,-999,-999,-999,-999,-999,-999,-999,-999,-999,-999,-999,-999,-999,-999,-999,-999,-999,-999,-999,-999,-999,-999,-999,-999,-999,-999,-999,-999,-999,-999,-999,-999,-999,-999,-999,-999,-999,-999,-999,-999,-999,-999,-999,-999,-999,-999,-999,-999,-999,-999,-999,-999,-999,-999,-999,-999,-999,-999,-999,-999,-999,-999,-999,-999,-999,-999,-999,-999,-999,-999,-999,-999,-999,-999,-999,-999,-999,-999,-999,-999,-999,-999,-999,-999,-999,-999,-999,-999,-999,-999,-999,-999,-999,-999,-999,-999,-999,-999,-999,-999,-999,-999,-999,-999,-999,-999,-999,-999,-999,-999,-999,-999,-999,-999,-999,-999,-999,-999,-999,-999,-999,-78.75
-81.25,-999,-999,-999,-999,-999,-999,-999,-999,-999,-999,-999,-999,-999,-999,-999,-999,-999,-999,-999,-999,-999,-999,-999,-999,-999,-999,-999,-999,-999,-999,-999,-999,-999,-999,-999,-999,-999,-999,-999,-999,-999,-999,-999,-999,-999,-999,-999,-999,-999,-999,-999,-999,-999,-999,-999,-999,-999,-999,-999,-999,-999,-999,-999,-999,-999,-999,-999,-999,-999,-999,-999,-999,-999,-999,-999,-999,-999,-999,-999,-999,-999,-999,-999,-999,-999,-999,-999,-999,-999,-999,-999,-999,-999,-999,-999,-999,-999,-999,-999,-999,-999,-999,-999,-999,-999,-999,-999,-999,-999,-999,-999,-999,-999,-999,-999,-999,-999,-999,-999,-999,-999,-999,-999,-999,-999,-999,-999,-999,-999,-999,-999,-999,-999,-999,-999,-999,-999,-999,-999,-999,-999,-999,-999,-999,-81.25
-83.75,-999,-999,-999,-999,-999,-999,-999,-999,-999,-999,-999,-999,-999,-999,-999,-999,-999,-999,-999,-999,-999,-999,-999,-999,-999,-999,-999,-999,-999,-999,-999,-999,-999,-999,-999,-999,-999,-999,-999,-999,-999,-999,-999,-999,-999,-999,-999,-999,-999,-999,-999,-999,-999,-999,-999,-999,-999,-999,-999,-999,-999,-999,-999,-999,-999,-999,-999,-999,-999,-999,-999,-999,-999,-999,-999,-999,-999,-999,-999,-999,-999,-999,-999,-999,-999,-999,-999,-999,-999,-999,-999,-999,-999,-999,-999,-999,-999,-999,-999,-999,-999,-999,-999,-999,-999,-999,-999,-999,-999,-999,-999,-999,-999,-999,-999,-999,-999,-999,-999,-999,-999,-999,-999,-999,-999,-999,-999,-999,-999,-999,-999,-999,-999,-999,-999,-999,-999,-999,-999,-999,-999,-999,-999,-999,-83.75
-86.25,-999,-999,-999,-999,-999,-999,-999,-999,-999,-999,-999,-999,-999,-999,-999,-999,-999,-999,-999,-999,-999,-999,-999,-999,-999,-999,-999,-999,-999,-999,-999,-999,-999,-999,-999,-999,-999,-999,-999,-999,-999,-999,-999,-999,-999,-999,-999,-999,-999,-999,-999,-999,-999,-999,-999,-999,-999,-999,-999,-999,-999,-999,-999,-999,-999,-999,-999,-999,-999,-999,-999,-999,-999,-999,-999,-999,-999,-999,-999,-999,-999,-999,-999,-999,-999,-999,-999,-999,-999,-999,-999,-999,-999,-999,-999,-999,-999,-999,-999,-999,-999,-999,-999,-999,-999,-999,-999,-999,-999,-999,-999,-999,-999,-999,-999,-999,-999,-999,-999,-999,-999,-999,-999,-999,-999,-999,-999,-999,-999,-999,-999,-999,-999,-999,-999,-999,-999,-999,-999,-999,-999,-999,-999,-999,-86.25
-88.75,-999,-999,-999,-999,-999,-999,-999,-999,-999,-999,-999,-999,-999,-999,-999,-999,-999,-999,-999,-999,-999,-999,-999,-999,-999,-999,-999,-999,-999,-999,-999,-999,-999,-999,-999,-999,-999,-999,-999,-999,-999,-999,-999,-999,-999,-999,-999,-999,-999,-999,-999,-999,-999,-999,-999,-999,-999,-999,-999,-999,-999,-999,-999,-999,-999,-999,-999,-999,-999,-999,-999,-999,-999,-999,-999,-999,-999,-999,-999,-999,-999,-999,-999,-999,-999,-999,-999,-999,-999,-999,-999,-999,-999,-999,-999,-999,-999,-999,-999,-999,-999,-999,-999,-999,-999,-999,-999,-999,-999,-999,-999,-999,-999,-999,-999,-999,-999,-999,-999,-999,-999,-999,-999,-999,-999,-999,-999,-999,-999,-999,-999,-999,-999,-999,-999,-999,-999,-999,-999,-999,-999,-999,-999,-999,-88.75
1,-178.75,-176.25,-173.75,-171.25,-168.75,-166.25,-163.75,-161.25,-158.75,-156.25,-153.75,-151.25,-148.75,-146.25,-143.75,-141.25,-138.75,-136.25,-133.75,-131.25,-128.75,-126.25,-123.75,-121.25,-118.75,-116.25,-113.75,-111.25,-108.75,-106.25,-103.75,-101.25,-98.75,-96.25,-93.75,-91.25,-88.75,-86.25,-83.75,-81.25,-78.75,-76.25,-73.75,-71.25,-68.75,-66.25,-63.75,-61.25,-58.75,-56.25,-53.75,-51.25,-48.75,-46.25,-43.75,-41.25,-38.75,-36.25,-33.75,-31.25,-28.75,-26.25,-23.75,-21.25,-18.75,-16.25,-13.75,-11.25,-8.75,-6.25,-3.75,-1.25,1.25,3.75,6.25,8.75,11.25,13.75,16.25,18.75,21.25,23.75,26.25,28.75,31.25,33.75,36.25,38.75,41.25,43.75,46.25,48.75,51.25,53.75,56.25,58.75,61.25,63.75,66.25,68.75,71.25,73.75,76.25,78.75,81.25,83.75,86.25,88.75,91.25,93.75,96.25,98.75,101.25,103.75,106.25,108.75,111.25,113.75,116.25,118.75,121.25,123.75,126.25,128.75,131.25,133.75,136.25,138.75,141.25,143.75,146.25,148.75,151.25,153.75,156.25,158.75,161.25,163.75,166.25,168.75,171.25,173.75,176.25,178.75,2
