1,-178.75,-176.25,-173.75,-171.25,-168.75,-166.25,-163.75,-161.25,-158.75,-156.25,-153.75,-151.25,-148.75,-146.25,-143.75,-141.25,-138.75,-136.25,-133.75,-131.25,-128.75,-126.25,-123.75,-121.25,-118.75,-116.25,-113.75,-111.25,-108.75,-106.25,-103.75,-101.25,-98.75,-96.25,-93.75,-91.25,-88.75,-86.25,-83.75,-81.25,-78.75,-76.25,-73.75,-71.25,-68.75,-66.25,-63.75,-61.25,-58.75,-56.25,-53.75,-51.25,-48.75,-46.25,-43.75,-41.25,-38.75,-36.25,-33.75,-31.25,-28.75,-26.25,-23.75,-21.25,-18.75,-16.25,-13.75,-11.25,-8.75,-6.25,-3.75,-1.25,1.25,3.75,6.25,8.75,11.25,13.75,16.25,18.75,21.25,23.75,26.25,28.75,31.25,33.75,36.25,38.75,41.25,43.75,46.25,48.75,51.25,53.75,56.25,58.75,61.25,63.75,66.25,68.75,71.25,73.75,76.25,78.75,81.25,83.75,86.25,88.75,91.25,93.75,96.25,98.75,101.25,103.75,106.25,108.75,111.25,113.75,116.25,118.75,121.25,123.75,126.25,128.75,131.25,133.75,136.25,138.75,141.25,143.75,146.25,148.75,151.25,153.75,156.25,158.75,161.25,163.75,166.25,168.75,171.25,173.75,176.25,178.75,2
88.75,0.06,0.06,0.06,0.06,0.06,0.06,0.06,0.06,0.05,0.05,0.05,0.05,0.05,0.05,0.05,0.05,0.05,0.05,0.05,0.05,0.04,0.04,0.04,0.04,0.04,0.04,0.04,0.04,0.04,0.04,0.04,0.04,0.04,0.04,0.03,0.03,0.03,0.03,0.03,0.03,0.03,0.03,0.03,0.03,0.03,0.03,0.04,0.04,0.04,0.04,0.04,0.04,0.04,0.04,0.05,0.05,0.05,0.05,0.05,0.05,0.05,0.05,0.06,0.06,0.06,0.06,0.06,0.06,0.06,0.06,0.06,0.07,0.07,0.07,0.07,0.07,0.07,0.07,0.07,0.08,0.08,0.08,0.08,0.08,0.08,0.08,0.08,0.08,0.09,0.09,0.09,0.09,0.09,0.09,0.09,0.09,0.09,0.09,0.09,0.09,0.09,0.09,0.09,0.09,0.09,0.09,0.09,0.09,0.09,0.09,0.09,0.09,0.09,0.09,0.09,0.09,0.09,0.09,0.08,0.08,0.08,0.08,0.08,0.08,0.08,0.08,0.08,0.08,0.08,0.07,0.07,0.07,0.07,0.07,0.07,0.07,0.07,0.07,0.07,0.07,0.06,0.06,0.06,0.06,88.75
86.25,0.07,0.07,0.07,0.07,0.07,0.07,0.07,0.06,0.06,0.06,0.06,0.06,0.06,0.06,0.05,0.05,0.05,0.05,0.05,0.05,0.05,0.04,0.04,0.04,0.04,0.04,0.04,0.04,0.04,0.04,0.04,0.04,0.04,0.04,0.04,0.04,0.04,0.04,0.04,0.04,0.04,0.04,0.04,0.04,0.04,0.05,0.05,0.05,0.05,0.05,0.05,0.05,0.05,0.05,0.05,0.06,0.06,0.06,0.06,0.06,0.07,0.07,0.07,0.07,0.07,0.07,0.08,0.08,0.09,0.09,0.1,0.11,0.11,0.12,0.13,0.14,0.15,0.16,0.16,0.17,0.17,0.18,0.18,0.19,0.19,0.19,0.19,0.2,0.2,0.2,0.2,0.2,0.2,0.2,0.2,0.2,0.19,0.19,0.19,0.18,0.18,0.18,0.18,0.18,0.14,0.14,0.13,0.13,0.12,0.12,0.11,0.11,0.1,0.1,0.09,0.09,0.09,0.08,0.08,0.08,0.08,0.08,0.07,0.07,0.07,0.07,0.07,0.07,0.07,0.07,0.07,0.07,0.07,0.07,0.07,0.07,0.07,0.07,0.07,0.07,0.07,0.07,0.07,0.07,86.25
83.75,0.13,0.14,0.14,0.15,0.15,0.15,0.15,0.15,0.15,0.15,0.15,0.14,0.14,0.14,0.13,0.13,0.13,0.12,0.12,0.11,0.11,0.1,0.1,0.09,0.09,0.08,0.08,0.07,0.07,0.07,0.07,0.07,0.08,0.08,0.08,0.09,0.1,0.1,0.11,0.12,0.12,0.13,0.13,0.14,0.14,0.14,0.14,0.14,0.13,0.13,0.12,0.12,0.12,0.12,0.13,0.14,-999,-999,-999,-999,-999,0.25,0.23,0.22,0.2,0.18,0.17,0.16,0.15,0.14,0.15,0.15,0.16,0.18,0.19,0.21,0.23,0.25,0.27,0.29,0.3,0.32,0.32,0.33,0.34,0.34,0.35,0.35,0.34,0.34,0.33,0.32,0.31,0.3,0.29,0.28,0.27,0.26,0.24,0.23,0.22,0.21,0.21,0.21,0.18,0.18,0.17,0.16,0.15,0.15,0.14,0.13,0.12,0.11,0.11,0.1,0.1,0.09,0.09,0.09,0.08,0.08,0.08,0.08,0.08,0.08,0.08,0.09,0.09,0.09,0.1,0.1,0.1,0.1,0.11,0.11,0.11,0.11,0.11,0.11,0.12,0.12,0.12,0.13,83.75
81.25,0.3,0.31,0.32,0.32,0.33,0.34,0.35,0.36,0.36,0.35,0.34,0.33,0.32,0.31,0.29,0.28,0.27,0.25,0.23,0.21,0.2,0.18,0.17,0.15,0.14,0.13,0.12,0.12,0.11,0.12,0.12,0.12,0.14,0.14,0.13,-999,-999,-999,-999,-999,-999,-999,-999,-999,-999,-999,-999,-999,-999,-999,-999,-999,-999,-999,-999,-999,-999,-999,-999,-999,-999,-999,-999,-999,-999,-999,-999,-999,0.27,0.23,0.22,0.21,0.21,0.22,0.22,0.22,0.22,0.22,0.2,0.19,0.16,0.15,0.17,0.19,0.2,0.19,0.18,0.19,0.21,0.24,0.28,0.3,0.3,0.28,0.26,0.24,0.22,0.2,0.2,0.23,0.25,0.27,0.29,0.29,0.33,0.34,0.35,-999,-999,-999,0.29,0.26,0.24,0.23,0.22,0.21,0.2,0.2,0.19,0.18,0.17,0.16,0.17,0.17,0.18,0.19,0.2,0.21,0.22,0.22,0.23,0.24,0.25,0.26,0.26,0.26,0.27,0.27,0.27,0.27,0.28,0.28,0.29,0.29,81.25
78.75,0.45,0.46,0.47,0.49,0.51,0.53,0.57,0.61,0.63,0.63,0.62,0.6,0.59,0.56,0.53,0.49,0.45,0.4,0.37,0.32,0.28,0.23,0.19,0.16,0.15,0.14,0.14,-999,-999,-999,-999,-0.01,0.3,-999,-999,-999,-999,-999,-999,-999,-999,-999,-999,-999,-999,-999,-999,-999,-999,-999,-999,-999,-999,-999,-999,-999,-999,-999,-999,-999,-999,-999,-999,-999,0.57,0.59,0.6,0.48,0.37,0.32,0.29,0.29,0.33,0.4,0.48,0.53,-999,-999,-999,-999,-999,-999,0.2,0.2,0.24,0.29,0.32,0.35,0.37,0.39,0.41,0.41,0.41,0.39,0.35,0.31,0.27,0.25,0.22,0.2,0.19,0.19,0.2,0.21,0.24,0.25,0.28,0.29,0.29,0.28,-999,-999,-999,-999,-999,0.41,0.4,0.4,0.41,0.41,0.39,0.38,0.37,0.37,0.38,0.39,0.38,0.38,0.38,0.37,0.37,0.38,0.38,0.4,0.43,0.45,0.47,0.49,0.49,0.48,0.47,0.46,0.45,0.44,78.75
76.25,0.68,0.69,0.7,0.73,0.79,0.87,0.92,0.95,0.97,0.97,0.96,0.93,0.91,0.87,0.81,0.75,0.69,0.6,0.52,0.45,0.4,0.4,-999,-999,-999,-999,-999,-999,0.27,0.24,-999,0.31,0.33,-999,-999,-999,-999,-999,-999,-999,-999,-999,1.1,1.23,-999,-999,-999,-999,-999,-999,-999,-999,-999,-999,-999,-999,-999,-999,-999,-999,-999,-999,-999,-999,-999,0.61,0.6,0.54,0.49,0.49,0.51,0.56,0.76,1.21,1.63,1.92,2.17,1.94,-999,0.86,0.62,0.52,0.53,0.65,0.7,0.72,0.71,0.72,0.78,0.81,0.8,0.71,0.59,0.49,0.42,0.39,-999,-999,-999,-999,0.5,0.45,0.4,0.37,0.44,0.5,0.56,0.61,-999,-999,0.78,-999,-999,-999,-999,-999,-999,0.63,0.6,0.58,0.6,0.62,0.63,0.63,0.68,0.76,0.82,-999,-999,-999,0.76,0.69,0.63,0.61,0.58,0.6,0.64,0.64,0.64,0.67,0.7,0.71,0.7,0.69,76.25
73.75,0.94,0.9,0.93,1.05,1.16,1.23,1.29,1.45,1.59,1.6,1.54,1.53,1.51,1.43,1.32,1.24,1.18,1.11,1.04,1.03,1.04,-999,-999,-999,-999,-999,0.92,0.76,0.63,-999,-999,-999,-999,-999,-999,-999,0.65,-999,0.58,-999,-999,0.8,0.94,1.06,1.15,1.22,1.26,1.15,0.9,-999,-999,-999,-999,-999,-999,-999,-999,-999,-999,-999,-999,-999,-999,-999,-999,0.72,0.61,0.51,0.52,0.67,0.83,0.93,1.09,1.51,2.02,2.53,2.79,3,3.55,3.01,2.36,2.31,2.15,1.82,1.56,1.41,1.36,1.43,1.51,1.45,1.3,1.2,1.12,-999,-999,-999,0.87,0.82,0.73,0.65,-999,0.74,0.71,-999,-999,-999,-999,-999,-999,-999,-999,-999,-999,-999,-999,-999,-999,-999,1.29,-999,1.07,-999,-999,-999,1.12,1.12,1.22,1.42,-999,-999,-999,1.12,1.01,0.96,0.98,1.01,1,0.94,0.9,0.93,1.03,1.08,1.03,0.96,73.75
71.25,-999,0.83,0.98,1.2,1.48,1.8,2.07,2.2,-999,-999,-999,2.35,2.43,2.25,2.1,1.96,1.89,1.96,1.99,1.9,1.75,1.74,-999,-999,1.5,-999,-999,-999,-999,-999,-999,0.98,-999,-999,-999,0.83,-999,-999,-999,-999,-999,-999,-999,-999,0.77,0.93,1.08,1.22,1.21,1.11,-999,-999,-999,-999,-999,-999,-999,-999,-999,-999,-999,-999,-999,-999,0.59,0.68,0.53,0.46,0.56,0.9,1.61,2.18,2.5,2.85,3.24,3.31,2.46,2.19,2.34,2.99,3.59,-999,-999,2.81,2.02,1.72,1.81,1.89,1.76,1.5,1.39,1.41,-999,-999,-999,1.06,1.21,1.28,-999,-999,-999,-999,-999,-999,-999,-999,-999,-999,-999,-999,-999,-999,-999,-999,-999,-999,-999,-999,-999,-999,-999,-999,-999,-999,-999,-999,-999,-999,-999,-999,-999,-999,-999,-999,-999,-999,1.29,1.27,1.31,1.32,1.45,1.5,1.29,1.2,71.25
68.75,-999,0.91,1.33,1.61,1.84,2.12,-999,-999,-999,-999,-999,-999,-999,-999,-999,-999,-999,-999,-999,-999,-999,-999,-999,-999,-999,-999,-999,-999,-999,-999,-999,-999,-999,-999,-999,-999,-999,0.85,-999,-999,-999,-999,-999,-999,-999,1.02,1.08,1.2,1.42,1.62,-999,-999,-999,-999,-999,-999,-999,-999,-999,-999,-999,-999,-999,0.65,0.62,0.6,0.65,0.86,1.3,2.02,2.68,2.19,1.92,2.25,2.22,1.95,1.99,-999,-999,-999,-999,-999,-999,-999,-999,-999,-999,-999,1.91,-999,-999,-999,-999,1.67,-999,-999,-999,-999,-999,1.38,-999,-999,-999,-999,-999,-999,-999,-999,-999,-999,-999,-999,-999,-999,-999,-999,-999,-999,-999,-999,-999,-999,-999,-999,-999,-999,-999,-999,-999,-999,-999,-999,-999,-999,-999,-999,-999,-999,-999,-999,-999,-999,-999,-999,68.75
66.25,-999,-999,-999,-999,1.9,-999,-999,-999,-999,-999,-999,-999,-999,-999,-999,-999,-999,-999,-999,-999,-999,-999,-999,-999,-999,-999,-999,-999,-999,-999,-999,-999,-999,-999,-999,-999,-999,-999,0.99,0.71,0.8,0.96,-999,-999,-999,-999,-999,-999,1.97,2.69,-999,-999,-999,-999,-999,-999,-999,-999,0.86,0.72,0.67,0.65,-999,-999,-999,-999,-999,0.86,1.46,1.77,1.94,2.24,2.43,2.63,2.16,1.93,-999,-999,-999,-999,-999,-999,-999,-999,-999,-999,-999,-999,-999,-999,-999,-999,-999,-999,-999,-999,-999,-999,-999,-999,-999,-999,-999,-999,-999,-999,-999,-999,-999,-999,-999,-999,-999,-999,-999,-999,-999,-999,-999,-999,-999,-999,-999,-999,-999,-999,-999,-999,-999,-999,-999,-999,-999,-999,-999,-999,-999,-999,-999,-999,-999,-999,-999,-999,66.25
63.75,1.44,1.63,-999,-999,1.88,1.96,-999,-999,-999,-999,-999,-999,-999,-999,-999,-999,-999,-999,-999,-999,-999,-999,-999,-999,-999,-999,-999,-999,-999,-999,-999,-999,-999,-999,-999,-999,-999,-999,-999,0.53,0.69,-999,-999,-999,-999,-999,1.12,1.71,2.39,2.2,2.43,-999,-999,-999,-999,-999,0.66,0.48,-0.03,0.95,1.28,1.17,1.47,-999,-999,-999,0.97,1.11,1.1,1.18,1.15,1.45,1.92,1.79,1.63,-999,-999,-999,-999,-999,-999,-999,-999,-999,-999,-999,-999,-999,-999,-999,-999,-999,-999,-999,-999,-999,-999,-999,-999,-999,-999,-999,-999,-999,-999,-999,-999,-999,-999,-999,-999,-999,-999,-999,-999,-999,-999,-999,-999,-999,-999,-999,-999,-999,-999,-999,-999,-999,-999,-999,-999,-999,-999,-999,-999,-999,-999,-999,-999,-999,-999,-999,-999,-999,63.75
61.25,3.26,3.41,2.68,2.25,2.36,-999,-999,-999,-999,-999,-999,-999,-999,-999,-999,-999,-999,-999,-999,-999,-999,-999,-999,-999,-999,-999,-999,-999,-999,-999,-999,-999,-999,-999,-999,1.09,0.89,0.74,0.7,0.69,0.9,-999,-999,-999,1.01,0.76,0.9,2.14,0.94,-1.08,-0.21,2.47,-999,-999,-999,0.38,-0.16,0.63,1.45,2.07,1.29,1.13,1.19,1.27,1.38,1.44,1.27,1.19,1.23,1.21,1.27,-999,1.38,1.49,-999,-999,-999,-999,-999,-999,-999,-999,-999,-999,-999,-999,-999,-999,-999,-999,-999,-999,-999,-999,-999,-999,-999,-999,-999,-999,-999,-999,-999,-999,-999,-999,-999,-999,-999,-999,-999,-999,-999,-999,-999,-999,-999,-999,-999,-999,-999,-999,-999,-999,-999,-999,-999,-999,-999,-999,-999,-999,-999,-999,-999,1.82,-999,-999,-999,-999,-999,2.94,3.19,3.09,61.25
58.75,2.62,2.92,3.49,3.58,3.38,3.15,3.05,-999,-999,-999,-999,4.02,4.36,4.32,4.39,4.47,-999,-999,-999,-999,-999,-999,-999,-999,-999,-999,-999,-999,-999,-999,-999,-999,-999,-999,-999,1.54,1.28,1.05,0.8,0.85,1.03,-999,-999,-999,-999,-999,-999,1.54,1.47,-0.49,-1.55,-1.49,1.55,2.87,1.17,0.14,0.25,0.9,1.42,1.97,1.09,1.34,1.55,1.72,1.77,1.8,1.37,1.07,1.21,1.22,-999,1.32,1.38,1.3,-999,-999,-999,-999,-999,-999,2.4,-999,-999,-999,-999,-999,-999,-999,-999,-999,-999,-999,-999,-999,-999,-999,-999,-999,-999,-999,-999,-999,-999,-999,-999,-999,-999,-999,-999,-999,-999,-999,-999,-999,-999,-999,-999,-999,-999,-999,-999,-999,-999,-999,-999,-999,-999,-999,-999,-999,-999,-999,1.71,-999,1.98,-999,-999,2.62,3.64,3.28,2.93,2.79,2.79,2.73,58.75
56.25,2.86,2.62,2.74,3.03,3.29,3.47,3.81,3.93,-999,4.57,4.47,4.51,4.27,4.12,4.06,4.01,4.09,4.3,-999,-999,-999,-999,-999,-999,-999,-999,-999,-999,-999,-999,-999,-999,-999,-999,-999,-999,-999,-999,1.36,1.14,-999,-999,-999,-999,-999,-999,-999,-999,2,1.08,-0.14,-0.84,-1.88,0.2,2.94,2.63,0.56,-0.03,0.23,1.76,2.11,1.68,1.65,1.88,2.01,1.71,1.52,1.24,1.17,1.04,-999,1.31,1.22,0.92,0.93,-999,1.26,-999,-999,1.83,-999,-999,-999,-999,-999,-999,-999,-999,-999,-999,-999,-999,-999,-999,-999,-999,-999,-999,-999,-999,-999,-999,-999,-999,-999,-999,-999,-999,-999,-999,-999,-999,-999,-999,-999,-999,-999,-999,-999,-999,-999,-999,-999,-999,-999,-999,-999,1.73,2,1.86,2.18,2.47,2.99,3.76,-999,-999,-999,3.46,3.53,3.17,3.03,3.27,3.43,3.28,56.25
53.75,3.29,2.8,2.75,2.84,2.91,3.04,-999,3.64,3.9,4.07,4.12,4.16,4.12,4.09,4.04,3.91,3.91,3.97,3.95,4.2,-999,-999,-999,-999,-999,-999,-999,-999,-999,-999,-999,-999,-999,-999,-999,-999,-999,-999,-999,1.52,-999,-999,-999,-999,-999,-999,-999,-999,-999,-999,0.8,-0.43,-1.35,-0.01,1.39,1.57,1.37,1.3,0.67,0.04,0.38,0.7,0.91,1.19,1.75,1.44,1.21,1.31,-999,-999,-999,-999,0.89,0.73,0.71,-999,-999,-999,-999,-999,-999,-999,-999,-999,-999,-999,-999,-999,-999,-999,-999,-999,-999,-999,-999,-999,-999,-999,-999,-999,-999,-999,-999,-999,-999,-999,-999,-999,-999,-999,-999,-999,-999,-999,-999,-999,-999,-999,-999,-999,-999,-999,-999,-999,-999,-999,-999,-999,-999,2.09,2.65,3.86,4.48,4.53,-999,-999,-999,3.29,3.36,3.24,3.18,3.29,3.56,3.7,53.75
51.25,3.7,3,2.82,2.9,2.84,2.88,3.04,3.34,3.57,3.62,3.61,3.6,3.77,3.97,4.05,3.98,3.94,3.9,3.93,4.15,4.2,-999,-999,-999,-999,-999,-999,-999,-999,-999,-999,-999,-999,-999,-999,-999,-999,-999,-999,-999,-999,-999,-999,-999,-999,-999,-999,-999,-999,-999,1.53,0.52,0.09,1.35,2.8,3.35,3.09,2.16,1.02,0.43,0.66,1.11,1.31,1.44,1.75,1.6,1.4,1.38,1.24,1.11,-999,-999,0.92,-999,-999,-999,-999,-999,-999,-999,-999,-999,-999,-999,-999,-999,-999,-999,-999,-999,-999,-999,-999,-999,-999,-999,-999,-999,-999,-999,-999,-999,-999,-999,-999,-999,-999,-999,-999,-999,-999,-999,-999,-999,-999,-999,-999,-999,-999,-999,-999,-999,-999,-999,-999,-999,-999,-999,-999,-999,2.28,3.41,4.26,4.88,4.79,4.2,3.45,3.34,3.55,3.7,3.76,3.8,3.87,3.89,51.25
48.75,3.8,3.35,2.79,2.81,2.77,2.62,2.6,2.72,3.02,3.22,3.2,3.16,3.35,3.65,3.96,4.15,4.18,4.11,4.06,4.07,4.09,-999,-999,-999,-999,-999,-999,-999,-999,-999,-999,-999,-999,-999,-999,-999,-999,-999,-999,-999,-999,-999,-999,-999,-999,-999,-999,3.97,-999,-999,-999,2.11,1.61,2.29,3.63,4.73,4.42,3.32,1.94,1.07,1.13,1.62,1.87,2,2.28,2.6,1.84,1.4,1.45,1.23,-999,-999,-999,-999,-999,-999,-999,-999,-999,-999,-999,-999,-999,-999,-999,-999,-999,-999,-999,-999,-999,-999,-999,-999,-999,-999,-999,-999,-999,-999,-999,-999,-999,-999,-999,-999,-999,-999,-999,-999,-999,-999,-999,-999,-999,-999,-999,-999,-999,-999,-999,-999,-999,-999,-999,-999,-999,-999,1.99,-999,1.86,2.37,3.18,4.54,4.56,3.89,3.38,3.39,3.69,3.95,4.02,3.98,3.89,3.84,48.75
46.25,3.06,3.2,3.02,2.76,2.72,2.63,2.53,2.55,2.65,2.72,2.7,2.7,2.92,3.24,3.61,4.02,4.4,4.58,4.48,4.29,4.25,4.45,-999,-999,-999,-999,-999,-999,-999,-999,-999,-999,-999,-999,-999,-999,-999,-999,-999,-999,-999,-999,-999,-999,-999,-999,-999,-999,3.65,3.77,4.16,4.69,3.5,3.8,3.86,3.58,3.52,3.08,2.1,1.44,1.51,2.01,2.36,2.61,2.96,2.95,2.3,1.53,1.59,1.48,1.27,-999,-999,-999,-999,-999,-999,-999,-999,-999,-999,-999,-999,-999,-999,-999,-999,-999,-999,-999,-999,-999,-999,-999,-999,-999,-999,-999,-999,-999,-999,-999,-999,-999,-999,-999,-999,-999,-999,-999,-999,-999,-999,-999,-999,-999,-999,-999,-999,-999,-999,-999,-999,-999,-999,-999,-999,2.64,3.45,2.49,1.91,2.12,2.77,4.12,4.25,3.92,3.67,3.5,3.3,3.1,2.92,2.75,2.7,2.83,46.25
43.75,1.41,2.27,2.81,2.96,2.86,2.66,2.54,2.55,2.54,2.47,2.37,2.32,2.46,2.76,3.19,3.76,4.35,4.7,4.73,4.58,4.35,4.25,-999,-999,-999,-999,-999,-999,-999,-999,-999,-999,-999,-999,-999,-999,-999,-999,-999,-999,-999,-999,-999,-999,-999,-999,-999,2.55,2.7,2.83,3.04,4.91,3.65,2.92,2.79,2.88,3.02,2.84,2.26,2.01,2.26,2.61,2.99,3.58,3.15,2.53,2.03,1.74,1.73,-999,1.61,-999,-999,-999,-999,-999,-999,-999,-999,-999,-999,-999,-999,-999,2.39,2.6,2.82,-999,-999,-999,-999,-999,-999,-999,-999,-999,-999,-999,-999,-999,-999,-999,-999,-999,-999,-999,-999,-999,-999,-999,-999,-999,-999,-999,-999,-999,-999,-999,-999,-999,-999,-999,-999,-999,-999,-999,-999,2.83,-999,-999,2.87,1.97,1.33,1.55,1.55,1.33,0.99,0.62,0.41,0.38,0.33,0.2,0.18,0.6,43.75
41.25,1.23,2.05,2.69,2.91,2.79,2.58,2.53,2.49,2.37,2.25,2.15,2.06,2.03,2.2,2.61,3.16,3.79,4.25,4.4,4.36,4.1,4.02,-999,-999,-999,-999,-999,-999,-999,-999,-999,-999,-999,-999,-999,-999,-999,-999,-999,-999,-999,-999,-999,-999,1.84,2.09,1.87,1.9,2.02,2.13,2.3,2.38,2.41,2.46,2.59,2.83,2.94,2.75,2.51,2.58,2.86,3.17,3.96,3.97,2.84,2.25,1.99,1.72,-999,-999,-999,-999,-999,1.94,1.81,-999,1.83,-999,-999,-999,-999,-999,-999,2.36,-999,-999,-999,-999,-999,-999,-999,-999,-999,-999,-999,-999,-999,-999,-999,-999,-999,-999,-999,-999,-999,-999,-999,-999,-999,-999,-999,-999,-999,-999,-999,-999,-999,-999,-999,-999,-999,-999,-999,-999,3.78,3.59,3.28,2.91,-999,0.27,-0.82,-2.33,-2.57,-1.92,-1.15,-0.53,-0.12,0.14,0.25,0.23,0.19,0.12,0.16,0.53,41.25
38.75,2.21,2.61,2.81,2.77,2.58,2.44,2.42,2.22,1.94,1.79,1.75,1.66,1.63,1.8,2.12,2.45,2.89,3.31,3.58,3.77,3.78,3.99,-999,-999,-999,-999,-999,-999,-999,-999,-999,-999,-999,-999,-999,-999,-999,-999,-999,-999,-999,-999,-999,1.7,1.69,1.69,1.65,1.74,1.86,1.98,2.11,2.22,2.34,2.41,2.52,2.66,2.65,2.57,2.66,3.07,3.45,4.07,4.42,3.48,2.46,2.14,2.03,1.7,-999,-999,-999,-999,1.9,1.82,1.72,-999,1.86,1.92,-999,2.05,-999,2.27,2.3,-999,-999,-999,-999,-999,-999,-999,-999,-999,-999,-999,-999,-999,-999,-999,-999,-999,-999,-999,-999,-999,-999,-999,-999,-999,-999,-999,-999,-999,-999,-999,-999,-999,-999,-999,-999,-999,-999,3.33,-999,3.39,3.13,3.38,3.01,2.74,-999,1.08,0.71,0.51,0.56,0.93,1.28,1.52,1.64,1.65,1.64,1.65,1.56,1.43,1.48,1.79,38.75
36.25,2.91,2.92,2.82,2.59,2.35,2.08,1.78,1.51,1.35,1.35,1.24,1.07,1.11,1.4,1.76,2,2.3,2.69,3.12,3.46,3.6,3.88,4.41,-999,-999,-999,-999,-999,-999,-999,-999,-999,-999,-999,-999,-999,-999,-999,-999,-999,-999,-999,1.62,1.69,1.78,1.84,1.91,1.99,2.05,2.13,2.2,2.28,2.37,2.38,2.47,2.52,2.5,2.66,3.07,3.62,3.85,3.85,3.45,2.6,2.05,2.09,1.97,1.73,1.74,2.06,2.1,-999,-999,-999,-999,-999,-999,2.03,2.04,1.99,2.13,2.38,2.36,-999,2.67,-999,-999,-999,-999,-999,-999,-999,-999,-999,-999,-999,-999,-999,-999,-999,-999,-999,-999,-999,-999,-999,-999,-999,-999,-999,-999,-999,-999,-999,-999,-999,-999,-999,-999,-999,-999,2.98,-999,-999,2.59,-999,-999,-999,-999,1.37,1.53,1.61,1.73,1.95,2.13,2.25,2.3,2.32,2.39,2.54,2.57,2.53,2.65,2.81,36.25
33.75,2.64,2.41,2.17,1.9,1.66,1.4,1.18,1.03,0.98,0.97,0.74,0.63,0.73,1.09,1.48,1.71,2.03,2.54,3.02,3.32,3.49,3.7,4.05,4.33,-999,-999,-999,-999,-999,-999,-999,-999,-999,-999,-999,-999,-999,-999,-999,-999,-999,1.67,1.85,1.97,2.01,2.04,2.08,2.11,2.12,2.19,2.27,2.29,2.34,2.47,2.66,2.81,2.96,3.22,3.37,3.32,3.07,2.69,2.28,1.91,1.85,1.95,1.76,1.55,1.58,-999,-999,-999,-999,-999,-999,-999,-999,1.95,1.87,1.94,2.04,2.15,2.24,2.3,2.45,2.51,-999,-999,-999,-999,-999,-999,-999,-999,-999,-999,-999,-999,-999,-999,-999,-999,-999,-999,-999,-999,-999,-999,-999,-999,-999,-999,-999,-999,-999,-999,-999,-999,-999,-999,-999,2.86,-999,2.41,-999,-999,-999,1.86,1.53,1.72,2.09,2.18,2.22,2.32,2.38,2.41,2.44,2.53,2.66,2.84,2.93,2.98,2.93,2.78,33.75
31.25,1.8,1.42,1.15,0.97,0.77,0.61,0.57,0.52,0.51,0.43,0.23,0.26,0.53,0.95,1.34,1.68,2.09,2.49,2.91,3.22,3.32,3.42,3.62,3.79,3.87,-999,-999,-999,-999,-999,-999,-999,-999,-999,-999,-999,-999,-999,-999,-999,1.71,1.93,2.01,2.07,2.12,2.13,2.08,2.03,2.02,2.02,2.05,2.17,2.43,2.73,2.96,3.04,3.02,2.91,2.68,2.46,2.19,1.96,1.76,1.73,1.78,1.69,1.59,1.61,-999,-999,-999,-999,-999,-999,-999,-999,-999,-999,-999,1.99,-999,-999,-999,-999,-999,-999,-999,-999,-999,-999,-999,-999,-999,-999,-999,-999,-999,-999,-999,-999,-999,-999,-999,-999,-999,-999,-999,-999,-999,-999,-999,-999,-999,-999,-999,-999,-999,-999,-999,-999,-999,2.6,2.73,2.21,-999,1.64,1.58,1.6,1.67,2.01,2.26,2.24,2.29,2.39,2.42,2.46,2.5,2.55,2.65,2.81,2.79,2.6,2.36,2.11,31.25
28.75,0.83,0.56,0.42,0.37,0.34,0.34,0.32,0.31,0.28,0.29,0.4,0.66,1,1.37,1.7,2.04,2.42,2.73,3,3.2,3.13,3.07,3.2,3.44,3.63,3.8,-999,-999,-999,-999,-999,-999,-999,-999,-999,-999,-999,1.7,1.36,-999,1.85,1.99,1.99,2.11,2.17,2.09,1.93,1.81,1.69,1.74,1.88,2.05,2.23,2.33,2.34,2.27,2.17,2.06,1.99,1.89,1.72,1.66,1.71,1.74,1.7,1.63,1.6,-999,-999,-999,-999,-999,-999,-999,-999,-999,-999,-999,-999,-999,-999,-999,-999,-999,-999,-999,-999,-999,-999,-999,-999,3.05,-999,-999,-999,-999,-999,-999,-999,-999,-999,-999,-999,-999,-999,-999,-999,-999,-999,-999,-999,-999,-999,-999,-999,-999,-999,-999,-999,-999,-999,2.24,2.12,1.45,1.31,1.39,1.72,1.78,1.85,2.08,2.16,2.2,2.3,2.3,2.26,2.19,2.25,2.33,2.31,2.18,1.98,1.78,1.51,1.16,28.75
26.25,0.51,0.44,0.44,0.52,0.58,0.65,0.69,0.78,0.91,1.01,1.17,1.38,1.62,1.9,2.22,2.48,2.78,3,3.14,3.16,3.12,3.19,3.33,3.55,3.62,3.57,3.33,-999,-999,-999,-999,-999,-999,1.67,1.54,1.58,1.54,1.59,1.62,-999,-999,1.96,1.97,1.99,1.98,1.94,1.89,1.8,1.74,1.77,1.86,1.92,1.93,1.9,1.9,1.85,1.79,1.78,1.74,1.72,1.74,1.8,1.83,1.79,1.74,1.76,-999,-999,-999,-999,-999,-999,-999,-999,-999,-999,-999,-999,-999,-999,-999,-999,-999,-999,-999,-999,-999,-999,-999,-999,-999,-999,-999,1.97,-999,-999,-999,-999,-999,-999,-999,-999,-999,-999,-999,-999,-999,-999,-999,-999,-999,-999,-999,-999,-999,-999,-999,-999,-999,-999,2.3,1.57,1.33,1.17,1.25,1.89,1.93,1.87,1.83,1.84,1.83,1.79,1.8,1.83,1.84,1.78,1.77,1.76,1.59,1.42,1.24,1.03,0.82,0.63,26.25
23.75,0.97,0.96,0.99,1.01,1.02,1.09,1.17,1.33,1.52,1.67,1.74,1.9,2.11,2.34,2.56,2.77,2.97,3.1,3.13,3.16,3.2,3.26,3.46,3.66,3.66,3.41,2.92,-999,2.07,-999,-999,-999,-999,1.44,1.49,1.43,1.42,1.47,1.74,1.72,1.74,1.82,2.01,2.01,1.98,1.97,1.99,2.02,2.01,1.96,1.89,1.87,1.82,1.78,1.76,1.74,1.8,1.84,1.87,1.85,1.84,1.84,1.87,1.91,1.87,-999,-999,-999,-999,-999,-999,-999,-999,-999,-999,-999,-999,-999,-999,-999,-999,-999,-999,-999,-999,-999,-999,-999,-999,-999,-999,-999,-999,-999,-999,1.92,1.81,1.78,1.79,-999,-999,-999,-999,-999,-999,-999,-999,-999,-999,-999,-999,-999,-999,-999,-999,-999,-999,-999,-999,-999,-999,1.27,1.1,1.14,1.74,1.85,1.71,1.63,1.53,1.56,1.59,1.5,1.42,1.38,1.36,1.32,1.28,1.25,1.2,1.1,1.02,1,1.02,1.01,23.75
21.25,1.39,1.38,1.37,1.38,1.43,1.55,1.65,1.82,1.95,2.09,2.11,2.28,2.46,2.62,2.82,3,3.12,3.21,3.25,3.27,3.3,3.3,3.32,3.33,3.29,3.07,2.61,2.22,1.75,-999,-999,-999,-999,1.45,1.42,1.28,-999,1.62,-999,1.68,-999,-999,2.07,2.03,2.05,2.09,2.11,2.06,1.97,1.9,1.96,1.96,1.96,1.96,1.92,1.91,1.93,1.92,1.86,1.79,1.74,1.67,1.64,1.73,1.9,-999,-999,-999,-999,-999,-999,-999,-999,-999,-999,-999,-999,-999,-999,-999,-999,-999,-999,-999,-999,-999,-999,-999,-999,-999,-999,-999,-999,-999,-999,-999,1.88,1.94,1.9,-999,-999,-999,-999,-999,-999,-999,-999,-999,1.99,-999,-999,-999,-999,-999,-999,-999,-999,1.61,1.29,1.23,1.33,1.22,1.12,1.56,1.62,1.63,1.57,1.5,1.46,1.46,1.48,1.46,1.4,1.38,1.34,1.3,1.3,1.31,1.32,1.35,1.35,1.4,1.43,1.41,21.25
18.75,1.65,1.69,1.75,1.82,1.93,2.04,2.14,2.26,2.34,-999,2.52,2.72,2.82,2.92,3.05,3.17,3.24,3.3,3.28,3.22,3.17,3.15,3.14,3.17,3.05,2.87,2.69,2.37,1.72,1.42,-999,-999,-999,-999,1.38,-999,-999,1.66,1.74,1.75,1.73,1.78,1.88,-999,-999,2.02,2,2.01,2,2.05,2.07,2.05,2.04,2,1.96,1.9,1.83,1.77,1.69,1.67,1.66,1.69,1.75,1.95,2.18,-999,-999,-999,-999,-999,-999,-999,-999,-999,-999,-999,-999,-999,-999,-999,-999,-999,-999,-999,-999,-999,-999,2.55,-999,-999,-999,-999,-999,-999,-999,1.9,1.96,2.06,2.11,2.14,2.25,-999,-999,-999,-999,-999,1.75,1.91,1.99,-999,-999,-999,-999,-999,-999,-999,-999,1.04,1.01,1.08,1.32,1.32,1.46,1.45,1.42,1.53,1.6,1.68,1.67,1.61,1.56,1.53,1.48,1.46,1.44,1.44,1.46,1.49,1.56,1.62,1.66,1.7,1.7,1.67,18.75
16.25,2.08,2.16,2.26,2.36,2.48,2.58,2.67,2.76,2.86,2.93,2.98,3.04,3.05,3.05,3.06,3.07,3.06,2.96,2.91,2.84,2.76,2.62,2.46,2.32,2.25,2.14,2.01,1.99,1.89,1.6,1.37,1.39,-999,-999,-999,-999,-999,1.57,-999,1.77,1.87,1.91,1.9,1.98,1.99,1.96,1.93,1.94,2,2.02,2.01,1.98,1.95,1.94,1.91,1.84,1.77,1.74,1.74,1.76,1.83,1.87,2.05,2.26,2.63,-999,-999,-999,-999,-999,-999,-999,-999,-999,-999,-999,-999,-999,-999,-999,-999,-999,-999,-999,-999,-999,-999,-999,2.23,-999,-999,-999,-999,2.07,2.11,2.16,2.15,2.15,2.08,2,2.02,-999,-999,-999,-999,1.79,1.93,1.96,1.9,-999,-999,-999,-999,-999,-999,1.89,1.32,1.09,1,1.08,-999,1.44,1.48,1.56,1.63,1.72,1.81,1.87,1.85,1.8,1.75,1.71,1.67,1.67,1.66,1.67,1.71,1.75,1.78,1.81,1.83,1.88,1.96,2.02,16.25
13.75,2.36,2.45,2.56,2.68,2.8,2.89,2.96,3.01,3.06,3.09,3.1,3.09,3.05,2.97,2.86,2.76,2.66,2.53,2.42,2.31,2.24,2.15,2.05,1.98,1.92,1.87,1.85,1.8,1.65,1.53,1.52,1.71,1.93,1.69,1.73,-999,-999,-999,-999,1.85,1.95,2.12,2.08,2.01,2,1.97,1.93,1.92,1.9,1.92,1.93,1.94,1.93,1.94,1.93,1.9,1.91,1.92,1.92,1.92,1.88,1.9,2.02,2.24,2.49,-999,-999,-999,-999,-999,-999,-999,-999,-999,-999,-999,-999,-999,-999,-999,-999,-999,-999,-999,-999,-999,-999,-999,-999,1.9,-999,-999,2.04,2.07,2.16,2.24,2.23,2.25,2.24,2.14,2,-999,-999,-999,2.17,2.31,2.04,1.88,1.79,1.7,1.57,-999,-999,-999,-999,-999,1.57,1.31,1.14,1.19,-999,-999,1.61,1.73,1.81,1.9,1.95,1.97,1.96,1.92,1.87,1.84,1.84,1.85,1.88,1.92,1.95,1.98,2.02,2.05,2.08,2.12,2.2,2.28,13.75
11.25,2.49,2.56,2.63,2.68,2.73,2.78,2.82,2.84,2.85,2.85,2.86,2.89,2.92,2.89,2.79,2.66,2.52,2.41,2.29,2.12,2,1.91,1.88,1.89,1.9,1.93,1.95,1.94,1.96,1.95,1.89,1.87,1.91,2.06,2.04,1.97,1.75,-999,-999,1.88,1.89,1.95,-999,1.92,-999,1.86,1.9,1.9,1.96,1.91,1.9,1.92,1.95,2.04,1.99,1.95,1.97,1.97,1.99,2,1.94,1.94,2.04,2.1,2.24,2.13,-999,-999,-999,-999,-999,-999,-999,-999,-999,-999,-999,-999,-999,-999,-999,-999,-999,-999,-999,-999,-999,-999,-999,-999,1.94,-999,-999,1.97,2.1,2.27,2.34,2.38,2.4,2.37,2.22,2.1,-999,-999,2.37,2.16,1.92,1.86,1.8,1.72,1.69,-999,1.94,-999,-999,-999,1.74,1.71,1.18,-999,1.33,-999,-999,1.8,1.83,1.87,1.91,1.94,1.97,1.96,1.94,1.95,1.98,2.01,2.06,2.11,2.16,2.21,2.23,2.25,2.27,2.3,2.37,2.43,11.25
8.75,2.3,2.33,2.39,2.44,2.47,2.51,2.55,2.56,2.55,2.5,2.47,2.46,2.4,2.34,2.32,2.3,2.21,2.1,2,1.9,1.83,1.76,1.69,1.7,1.75,1.82,1.8,1.83,1.97,2.13,2.28,2.29,2.18,2.06,1.94,1.84,1.64,1.64,-999,-999,-999,-999,-999,-999,-999,-999,-999,-999,1.94,1.94,1.9,1.91,1.98,2.03,1.99,1.95,2,2.02,1.99,1.96,1.92,1.89,1.93,1.96,1.96,1.95,1.9,-999,-999,-999,-999,-999,-999,-999,-999,-999,-999,-999,-999,-999,-999,-999,-999,-999,-999,-999,-999,-999,-999,-999,-999,-999,2.01,2.03,2.08,2.13,2.15,2.17,2.23,2.24,2.19,2.13,2.03,2.04,-999,1.92,1.83,1.93,1.86,1.75,1.64,-999,1.8,1.84,-999,1.83,1.93,1.84,1.27,1.31,1.43,-999,-999,1.81,1.83,1.84,1.88,1.93,1.92,1.9,1.89,1.96,2,2.02,2.02,2.01,2.01,2.06,2.13,2.27,2.3,2.3,2.33,2.31,8.75
6.25,2.03,2.05,2.05,2.04,2.02,2.02,2.03,2.02,2,1.97,1.95,1.93,1.89,1.84,1.78,1.74,1.7,1.66,1.63,1.59,1.54,1.48,1.42,1.37,1.33,1.3,1.28,1.3,1.33,1.41,1.51,1.61,1.71,1.73,1.74,1.66,1.5,1.37,1.44,1.63,1.66,-999,-999,-999,-999,-999,-999,-999,-999,1.87,1.87,1.86,1.91,1.97,1.95,1.97,2.01,1.94,1.9,1.91,1.89,1.87,1.9,1.89,1.8,1.72,1.75,-999,-999,-999,-999,-999,-999,-999,-999,-999,-999,-999,-999,-999,-999,-999,-999,-999,-999,-999,-999,-999,-999,-999,-999,-999,2.01,1.96,2.02,2.05,2.02,2,2.01,2,1.98,2,1.99,1.93,-999,1.84,1.73,1.66,1.57,1.55,1.58,1.67,-999,1.84,1.94,1.98,1.99,1.62,-999,1.36,-999,-999,-999,1.81,1.72,1.77,1.82,1.83,1.83,1.88,1.92,1.97,1.94,1.98,1.98,1.98,2,2.02,2,1.98,1.97,1.96,1.98,2.01,6.25
3.75,2.12,2.17,2.22,2.27,2.33,2.36,2.37,2.35,2.31,2.26,2.25,2.24,2.22,2.21,2.14,2.03,1.92,1.82,1.72,1.61,1.53,1.48,1.43,1.39,1.36,1.4,1.43,1.44,1.45,1.47,1.51,1.55,1.59,1.62,1.6,1.6,1.56,1.43,1.33,1.39,1.53,-999,-999,-999,-999,-999,-999,-999,-999,-999,-999,-999,1.85,1.86,1.86,1.88,1.85,1.84,1.87,1.88,1.87,1.83,1.77,1.73,1.69,1.67,1.63,1.6,1.57,1.61,1.68,1.76,1.8,1.77,1.89,-999,-999,-999,-999,-999,-999,-999,-999,-999,-999,-999,-999,-999,-999,-999,-999,2.05,2.09,2.04,2.07,2.08,2.04,2.04,2.03,2.04,2.01,1.98,1.99,1.98,1.87,1.78,1.72,1.71,1.63,1.58,-999,-999,-999,-999,1.87,1.77,1.66,-999,-999,1.54,1.6,1.7,1.8,1.74,1.7,1.75,1.75,1.79,1.83,1.88,1.92,1.94,1.98,2.02,2.02,2.01,2.01,2.02,2.03,2.04,2.08,2.07,2.09,2.11,3.75
1.25,2.38,2.38,2.38,2.39,2.39,2.37,2.36,2.34,2.34,2.34,2.34,2.35,2.33,2.28,2.23,2.22,2.25,2.24,2.24,2.22,2.21,2.23,2.25,2.26,2.26,2.25,2.18,2.09,2.02,1.98,1.95,1.94,1.95,1.93,1.95,2,1.95,1.76,1.67,1.63,-999,-999,-999,-999,-999,-999,-999,-999,-999,-999,-999,-999,1.85,1.75,1.8,1.82,1.82,1.87,1.95,1.97,1.97,1.93,1.87,1.88,1.89,1.9,1.91,1.87,1.8,1.7,1.67,1.69,1.72,1.75,1.82,-999,-999,-999,-999,-999,-999,-999,-999,-999,-999,-999,-999,-999,-999,-999,2.05,2.14,2.16,2.1,2.04,1.99,1.93,1.85,1.77,1.72,1.67,1.64,1.65,1.67,1.67,1.64,1.63,1.56,1.51,1.46,1.46,-999,-999,-999,1.82,-999,-999,-999,-999,-999,1.63,1.63,1.69,-999,1.68,1.7,1.74,1.81,1.88,1.95,2.01,2.12,2.2,2.23,2.28,2.32,2.33,2.32,2.34,2.35,2.38,2.4,2.41,2.4,1.25
-1.25,2.07,2.06,2.03,2,2,2.01,2.04,2.06,2.07,2.09,2.1,2.1,2.07,2.06,2.05,2.05,2.05,2.08,2.13,2.13,2.11,2.1,2.11,2.13,2.16,2.21,2.24,2.29,2.35,2.37,2.41,2.42,2.37,2.33,2.32,2.34,2.3,2.13,2.07,-999,-999,-999,-999,-999,-999,-999,-999,-999,-999,-999,-999,-999,-999,-999,1.71,1.64,1.64,1.76,1.86,1.9,1.92,1.97,2,2.04,2.13,2.16,2.17,2.17,2.14,2.1,2.08,2.05,2.03,2.02,2.05,-999,-999,-999,-999,-999,-999,-999,-999,-999,-999,-999,-999,-999,-999,1.98,2.1,2.14,2.15,2.09,1.99,1.9,1.84,1.77,1.69,1.58,1.5,1.48,1.46,1.49,1.45,1.4,1.41,1.4,1.37,1.3,1.25,1.36,-999,-999,-999,-999,-999,-999,-999,-999,-999,-999,1.68,1.6,-999,-999,1.75,1.7,1.69,1.75,1.87,2.07,2.1,2.07,2.08,2.06,2.1,2.14,2.16,2.17,2.16,2.14,2.12,2.1,-1.25
-3.75,1.97,2.01,2.06,2.12,2.18,2.23,2.28,2.35,2.41,2.46,2.48,2.5,2.52,2.52,2.49,2.44,2.4,2.34,2.28,2.22,2.2,2.22,2.18,2.16,2.14,2.13,2.14,2.19,2.18,2.14,2.08,2.05,2.04,2.05,2.08,2.08,2.15,2.13,2.16,-999,-999,-999,-999,-999,-999,-999,-999,-999,-999,-999,-999,-999,-999,-999,-999,-999,-999,1.63,1.81,1.91,1.92,1.85,1.82,1.87,1.93,1.99,2,1.99,2.02,2.05,2.08,2.09,2.1,2.09,2.18,2.23,-999,-999,-999,-999,-999,-999,-999,-999,-999,-999,-999,-999,1.94,2.02,2.07,2.01,1.94,1.92,1.87,1.87,1.89,1.92,1.91,1.86,1.79,1.76,1.71,1.68,1.62,1.53,1.52,1.53,1.49,1.46,1.53,1.65,1.65,-999,-999,1.82,1.85,1.9,-999,1.94,-999,1.68,-999,-999,-999,-999,-999,-999,-999,-999,1.57,1.55,1.63,1.75,1.89,1.86,1.87,1.86,1.85,1.88,1.9,1.89,1.87,1.9,-3.75
-6.25,1.9,1.9,1.89,1.9,1.9,1.86,1.87,1.87,1.89,1.9,1.89,1.87,1.86,1.86,1.9,1.9,1.87,1.85,1.82,1.8,1.81,1.81,1.81,1.82,1.81,1.8,1.83,1.87,1.88,1.89,1.93,1.96,1.97,1.92,1.88,1.89,1.92,2.11,2.57,-999,-999,-999,-999,-999,-999,-999,-999,-999,-999,-999,-999,-999,-999,-999,-999,-999,-999,-999,1.69,1.83,1.76,1.7,1.73,1.79,1.85,1.88,1.88,1.88,1.89,1.93,1.95,2.02,2.08,2.08,2.17,2.23,2.35,-999,-999,-999,-999,-999,-999,-999,-999,-999,-999,-999,1.96,1.97,1.93,1.88,1.91,1.95,1.88,1.95,2.01,2,1.97,1.92,1.92,1.94,1.91,1.81,1.76,1.67,1.57,1.51,1.51,1.53,1.57,1.7,1.88,1.96,-999,1.82,1.88,1.95,1.97,1.92,1.85,1.67,1.53,1.46,1.43,-999,1.58,-999,-999,-999,-999,1.6,1.63,1.82,-999,1.76,1.77,1.76,1.76,1.77,1.81,1.84,1.87,1.88,-6.25
-8.75,1.79,1.85,1.78,1.75,1.71,1.7,1.76,1.79,1.85,1.9,1.81,1.71,1.69,1.71,1.73,1.71,1.62,1.61,1.58,1.51,1.53,1.64,1.71,1.75,1.74,1.78,1.85,1.87,1.92,2.02,2.06,2.09,2.12,2.1,2.08,2.01,1.98,2.22,2.66,2.97,-999,-999,-999,-999,-999,-999,-999,-999,-999,-999,-999,-999,-999,-999,-999,-999,-999,-999,1.46,1.69,1.64,1.63,1.66,1.68,1.71,1.72,1.76,1.8,1.85,1.89,1.96,2,2.03,2.07,2.21,2.29,2.25,-999,-999,-999,-999,-999,-999,-999,-999,-999,-999,-999,1.95,1.96,2,2.02,1.98,1.97,2.1,2.14,2.13,2.09,1.99,1.98,2,2.11,2.12,1.98,1.81,1.7,1.69,1.61,1.55,1.58,1.64,1.72,1.82,1.91,1.95,1.88,1.81,1.78,-999,-999,-999,-999,-999,1.39,1.29,1.25,1.19,1.2,-999,-999,-999,-999,1.57,1.61,1.64,1.68,1.77,1.83,1.84,1.85,1.87,1.81,1.8,1.81,-8.75
-11.25,1.75,1.73,1.6,1.62,1.67,1.64,1.67,1.72,1.79,1.82,1.76,1.72,1.72,1.73,1.72,1.71,1.69,1.67,1.63,1.59,1.58,1.59,1.56,1.59,1.66,1.75,1.81,1.86,1.93,1.98,1.98,1.97,1.98,2,2.06,2.08,2.08,2.2,2.57,2.91,2.54,-999,-999,-999,-999,-999,-999,-999,-999,-999,-999,-999,-999,-999,-999,-999,-999,1.42,1.41,1.55,1.53,1.51,1.52,1.54,1.58,1.62,1.68,1.71,1.73,1.77,1.84,1.88,1.94,2.07,2.24,2.41,2.36,-999,-999,-999,-999,-999,-999,-999,-999,-999,-999,-999,1.93,1.97,2.01,2.05,2.14,2.21,2.27,2.28,2.21,2.04,1.93,2.04,2.12,2.13,2.02,1.91,1.85,1.81,1.69,1.66,1.69,1.7,1.7,1.79,1.97,2.09,2.08,2.03,2,1.97,1.88,1.81,1.75,1.58,1.49,1.37,-999,1.31,1.31,1.21,1.21,1.4,1.36,1.41,1.39,1.34,1.46,1.57,1.67,1.77,1.77,1.73,1.71,1.67,1.66,1.71,-11.25
-13.75,1.61,1.59,1.52,1.51,1.54,1.47,1.33,1.41,1.57,1.71,1.67,1.66,1.63,1.6,1.58,1.54,1.53,1.49,1.47,1.49,1.52,1.54,1.55,1.55,1.55,1.55,1.55,1.58,1.61,1.64,1.66,1.69,1.74,1.85,1.94,2.03,2.11,2.23,2.46,2.7,2.84,-999,-999,-999,-999,-999,-999,-999,-999,-999,-999,-999,-999,-999,-999,-999,-999,1.45,1.39,1.43,1.4,1.39,1.42,1.46,1.54,1.61,1.65,1.68,1.72,1.77,1.82,1.87,1.92,2.09,2.34,2.46,2.4,-999,-999,-999,-999,-999,-999,-999,-999,-999,-999,-999,-999,1.92,1.91,-999,1.96,2.18,2.23,2.24,2.17,2.13,2.11,2.15,2.14,2.11,2.03,1.96,1.87,1.81,1.81,1.83,1.82,1.78,1.84,1.96,2,1.92,1.9,1.97,2.08,2.1,2.09,2.03,1.95,1.85,-999,1.89,-999,-999,-999,1.68,1.55,-999,1.47,1.44,1.39,1.32,1.38,1.45,1.51,1.59,1.64,1.66,1.66,1.67,1.67,1.65,-13.75
-16.25,1.51,1.45,1.47,1.51,1.41,1.29,1.23,1.29,1.35,1.38,1.36,1.39,1.4,1.38,1.4,1.44,1.35,1.28,1.27,1.29,1.31,1.36,1.39,1.41,1.42,1.41,1.41,1.37,1.34,1.32,1.35,1.39,1.47,1.58,1.69,1.8,1.92,2.07,2.19,2.3,2.51,2.78,-999,-999,-999,-999,-999,-999,-999,-999,-999,-999,-999,-999,-999,-999,-999,1.46,1.45,1.4,1.39,1.4,1.47,1.48,1.49,1.51,1.58,1.66,1.7,1.75,1.84,1.94,2.08,2.24,2.45,2.65,2.61,-999,-999,-999,-999,-999,-999,-999,-999,-999,-999,-999,1.85,-999,-999,-999,1.9,2.06,2.15,2.17,2.17,2.08,2.09,2.14,2.12,2.07,2.07,2.04,2.02,1.97,1.9,1.84,1.79,1.77,1.78,1.74,1.7,1.74,1.84,1.94,2.09,2.16,2.19,2.32,2.27,-999,-999,-999,-999,-999,-999,-999,-999,-999,1.6,1.51,1.43,1.35,1.35,1.36,1.39,1.45,1.51,1.48,1.48,1.51,1.55,-999,-16.25
-18.75,1.44,1.38,1.33,1.31,1.27,1.21,1.19,1.16,1.11,1.05,0.95,0.91,0.95,1.04,1.11,1.21,1.26,1.26,1.21,1.16,1.15,1.14,1.15,1.22,1.26,1.25,1.22,1.19,1.18,1.19,1.18,1.17,1.15,1.17,1.23,1.33,1.45,1.52,1.62,1.79,2,2.03,2.02,2.3,-999,-999,-999,-999,-999,-999,-999,-999,-999,-999,-999,-999,1.98,1.57,1.51,1.49,1.48,1.49,1.55,1.6,1.62,1.62,1.61,1.64,1.68,1.69,1.74,1.84,1.99,2.17,2.44,2.78,2.94,-999,-999,-999,-999,-999,-999,-999,-999,-999,-999,1.78,1.85,-999,-999,-999,1.86,2.01,2.09,2.11,2.09,2.07,2.11,2.22,2.26,2.21,2.16,2.11,2.02,1.95,1.9,1.84,1.78,1.7,1.64,1.61,1.67,1.68,1.59,1.6,1.73,1.92,2.18,2.43,-999,-999,-999,-999,-999,-999,-999,-999,-999,-999,-999,1.56,1.41,1.37,1.4,1.49,1.47,1.46,1.35,1.31,1.31,1.36,1.41,1.39,-18.75
-21.25,1.41,1.45,1.45,1.45,1.35,1.21,1.18,1.23,1.17,1.08,0.94,0.79,0.7,0.72,0.74,0.79,0.83,0.95,1.05,1.06,1.1,1.11,1.05,1.06,1.04,1,1,0.93,0.91,0.96,0.98,1.01,1.01,0.98,1,1.05,1.15,1.24,1.26,1.35,1.52,1.7,1.82,2.24,-999,-999,-999,-999,-999,-999,-999,-999,-999,-999,-999,-999,1.86,1.62,1.5,1.53,1.58,1.57,1.64,1.71,1.72,1.75,1.81,1.8,1.76,1.71,1.68,1.7,1.79,1.96,2.2,2.53,2.88,-999,-999,-999,-999,-999,-999,-999,-999,-999,1.85,1.92,2.02,-999,-999,1.56,1.73,1.94,-999,1.91,1.89,1.94,1.99,2.09,2.21,2.26,2.28,2.24,2.13,2,1.89,1.81,1.81,1.79,1.63,1.37,1.17,1.14,1.32,1.48,1.6,-999,-999,-999,-999,-999,-999,-999,-999,-999,-999,-999,-999,-999,-999,-999,1.56,1.52,1.39,1.48,1.52,1.46,-999,1.22,1.22,1.24,1.26,1.35,-21.25
-23.75,1.23,1.25,1.27,1.28,1.23,1.19,1.17,1.22,1.23,1.13,0.99,0.87,0.76,0.69,0.63,0.56,0.47,0.45,0.57,0.7,0.75,0.86,0.92,0.91,0.85,0.82,0.81,0.8,0.76,0.8,0.86,0.87,0.89,0.91,0.95,0.99,1.03,1.11,1.18,1.22,1.34,1.53,1.67,-999,-999,-999,-999,-999,-999,-999,-999,-999,-999,-999,2.06,2.03,2.02,1.88,1.66,1.53,1.54,1.56,1.58,1.65,1.74,1.8,1.83,1.87,1.91,1.93,1.91,1.83,1.76,1.77,1.82,1.91,2.18,2.72,-999,-999,-999,-999,-999,-999,-999,-999,-999,1.96,2.09,-999,-999,1.61,1.61,1.67,1.69,1.56,1.54,1.62,1.67,1.72,1.85,1.96,2.09,2.18,2.23,2.21,2.07,1.9,1.77,1.75,1.76,1.6,1.13,0.84,1.13,1.56,1.29,-999,-999,-999,-999,-999,-999,-999,-999,-999,-999,-999,-999,-999,-999,-999,-999,1.49,1.43,1.65,1.68,1.61,1.61,1.39,1.34,1.35,1.31,1.27,-23.75
-26.25,1.44,1.36,1.27,1.21,1.16,1.14,1.08,1.04,1.06,1.09,1.07,1.01,0.96,0.88,0.77,0.62,0.58,0.55,0.55,0.58,0.64,0.68,0.75,0.78,0.81,0.88,0.93,0.89,0.79,0.74,0.76,0.78,0.71,0.72,0.84,0.94,1.01,1.09,1.17,1.21,1.26,1.42,1.66,-999,-999,-999,-999,-999,-999,-999,-999,-999,-999,2.04,2.14,2.26,2.43,2.54,2.26,2.04,1.79,1.59,1.48,1.51,1.6,1.68,1.71,1.69,1.67,1.72,1.95,2.16,2.11,1.85,1.74,1.67,1.62,1.94,-999,-999,-999,-999,-999,-999,-999,1.75,1.85,1.92,2,2,1.77,1.62,1.63,1.62,1.6,1.52,1.46,1.47,1.49,1.5,1.54,1.66,1.8,1.88,1.95,1.99,2.01,2,1.86,1.7,1.69,1.83,1.76,1.01,1,1.48,1,-999,-999,-999,-999,-999,-999,-999,-999,-999,-999,-999,-999,-999,-999,-999,-999,1.63,1.47,1.81,1.82,1.76,1.71,1.58,1.51,1.52,1.52,1.49,-26.25
-28.75,1.5,1.56,1.57,1.49,1.36,1.25,1.14,1.03,1.02,1.08,1.07,1.05,1.02,0.99,0.91,0.79,0.75,0.75,0.74,0.7,0.65,0.63,0.74,0.82,0.84,0.86,0.92,0.94,0.86,0.73,0.69,0.74,0.69,0.59,0.63,0.76,0.92,1.09,1.24,1.27,1.26,1.34,1.72,-999,-999,-999,-999,-999,-999,-999,-999,-999,-999,2.16,2.27,2.2,2.27,2.46,2.48,2.48,2.34,2.1,1.79,1.65,1.6,1.65,1.68,1.66,1.57,1.47,1.47,1.74,2.36,2.37,1.86,1.71,1.57,1.34,-999,-999,-999,-999,-999,-999,-999,1.69,1.78,1.89,1.93,1.9,1.83,1.83,2,2.07,1.98,1.9,1.79,1.68,1.65,1.65,1.62,1.62,1.72,1.84,1.88,1.87,1.84,1.85,1.84,1.8,1.77,1.78,1.85,1.43,0.84,1.23,1.15,0.99,-999,-999,-999,-999,-999,-999,-999,-999,-999,-999,-999,-999,-999,-999,-999,-999,1.5,1.67,1.67,1.69,1.72,1.66,1.55,1.49,1.46,1.47,-28.75
-31.25,1.28,1.38,1.52,1.51,1.41,1.27,1.16,1.07,1.03,1.13,1.16,1.06,0.93,0.87,0.88,0.88,0.91,0.91,0.89,0.84,0.74,0.7,0.76,0.83,0.89,0.89,0.86,0.78,0.74,0.71,0.67,0.66,0.62,0.57,0.59,0.64,0.74,0.97,1.24,1.33,1.31,1.32,1.68,-999,-999,-999,-999,-999,-999,-999,-999,-999,1.95,2.19,2.08,1.88,1.87,1.98,2.01,2.06,2.1,2.13,2.04,1.85,1.67,1.6,1.55,1.49,1.41,1.37,1.41,1.56,2.02,2.57,2.26,1.94,1.77,1.51,1.2,-999,-999,-999,-999,-999,-999,1.62,1.49,1.62,1.79,1.82,1.8,1.93,2.08,2.16,2.13,2.05,2.02,1.97,1.96,1.99,2.01,1.98,1.98,1.98,1.99,1.98,1.93,1.92,1.89,1.86,1.87,1.88,1.81,1.52,0.82,0.85,1.29,1.1,-999,-999,-999,-999,-999,-999,-999,-999,-999,-999,-999,-999,-999,-999,-999,1.53,1.43,1.34,1.23,1.34,1.44,1.51,1.5,1.42,1.41,1.36,-31.25
-33.75,1.19,1.14,1.25,1.3,1.3,1.23,1.16,1.13,1.1,1.12,1.15,1.06,0.95,0.93,1.04,1.12,1.14,1.07,1,1,1.02,1.01,1.03,1.1,1.14,1.13,1.11,1.03,0.98,0.95,0.89,0.76,0.66,0.56,0.48,0.5,0.57,0.74,1.06,1.31,1.34,1.34,1.6,-999,-999,-999,-999,-999,-999,-999,-999,1.64,1.99,2.08,1.97,1.82,1.71,1.71,1.75,1.74,1.77,1.86,1.96,1.92,1.78,1.65,1.64,1.65,1.57,1.48,1.49,1.7,2.01,2.45,2.77,2.4,2,1.73,1.38,-999,-999,-999,-999,1.53,1.51,1.13,1.13,1.22,1.21,1.22,1.26,1.39,1.54,1.64,1.69,1.66,1.65,1.68,1.73,1.79,1.83,1.93,1.99,1.99,2.02,2.04,2.03,2.01,2,1.95,1.91,1.89,1.82,1.64,1.32,1.06,1.2,1.24,-999,-999,-999,-999,1.41,1.49,1.56,1.62,-999,-999,-999,-999,-999,-999,-999,1.45,1.31,1.12,1.06,1.15,1.29,1.46,1.45,1.4,1.32,1.31,-33.75
-36.25,1.14,1.07,1.08,1.07,1.08,1.12,1.16,1.2,1.21,1.23,1.26,1.27,1.3,1.32,1.34,1.39,1.45,1.44,1.34,1.32,1.42,1.46,1.41,1.44,1.49,1.5,1.48,1.44,1.38,1.35,1.32,1.22,1.1,0.92,0.66,0.49,0.43,0.5,0.79,1.17,1.33,1.28,1.53,-999,-999,-999,-999,-999,-999,1.25,1.57,1.79,2.13,2.23,2.09,2.04,1.97,1.91,1.89,1.93,1.97,2.03,2.08,2.05,1.93,1.77,1.71,1.84,1.96,1.98,1.91,1.86,1.93,2.17,2.78,3.2,2.69,2.14,1.8,1.52,1.31,1.43,1.59,1.51,1.15,0.9,0.92,1.01,1.09,1.09,1.07,1.07,1.12,1.19,1.3,1.38,1.4,1.39,1.41,1.49,1.55,1.63,1.74,1.8,1.85,1.96,2.04,2.03,1.97,1.92,1.89,1.86,1.81,1.72,1.61,1.43,1.19,1.06,1.12,1.4,1.59,1.58,1.49,1.38,1.37,1.51,1.61,-999,-999,-999,-999,-999,1.65,1.51,1.55,1.56,1.47,1.45,1.51,1.58,1.51,-999,1.31,1.17,-36.25
-38.75,1.22,1.1,1.04,1.03,1.07,1.12,1.22,1.31,1.36,1.42,1.48,1.53,1.61,1.68,1.7,1.71,1.79,1.81,1.73,1.66,1.71,1.76,1.76,1.76,1.74,1.72,1.77,1.83,1.86,1.86,1.83,1.8,1.78,1.66,1.38,1.04,0.74,0.59,0.73,1.07,1.35,1.3,1.18,-999,-999,-999,-999,-999,-999,0.86,1.7,2.07,2.4,2.27,2.2,2.27,2.39,2.47,2.47,2.52,2.62,2.68,2.69,2.6,2.39,2.2,2.08,2.11,2.22,2.36,2.41,2.28,2.15,2.08,2.1,2.47,3.15,3.2,2.58,2.07,1.89,1.87,1.77,1.62,1.54,1.67,1.9,2.02,1.92,1.62,1.34,1.21,1.19,1.24,1.33,1.42,1.52,1.58,1.6,1.55,1.5,1.48,1.53,1.63,1.68,1.76,1.91,2.03,2.06,1.99,1.92,1.89,1.84,1.75,1.68,1.64,1.56,1.53,1.58,1.6,1.6,1.58,1.55,1.5,1.42,1.46,1.55,1.64,1.79,-999,-999,2.14,1.88,2.1,2.28,1.88,1.75,1.76,1.64,1.66,1.76,-999,-999,1.4,-38.75
-41.25,1.37,1.29,1.18,1.06,1.11,1.1,1.13,1.16,1.17,1.21,1.29,1.38,1.5,1.61,1.71,1.79,1.85,1.91,1.93,1.89,1.85,1.85,1.91,1.95,1.92,1.85,1.83,1.89,1.96,2.02,2.03,2.07,2.15,2.18,2.1,1.92,1.55,1.11,0.98,1.22,1.5,1.39,-999,-999,-999,-999,-999,1.1,0.66,0.3,1.76,2.31,2.43,2.22,1.94,1.79,1.86,2.01,2.12,2.23,2.38,2.54,2.68,2.72,2.68,2.59,2.48,2.47,2.53,2.62,2.69,2.62,2.5,2.45,2.43,2.32,2.21,2.37,2.92,3.27,3.36,3.48,3.63,3.68,3.55,3.38,3.3,3.32,3.36,3.13,2.62,2.19,1.97,1.95,2.03,2.1,2.16,2.24,2.26,2.18,2.01,1.86,1.76,1.74,1.77,1.78,1.82,1.9,1.98,2.02,1.99,1.94,1.89,1.83,1.73,1.63,1.57,1.57,1.55,1.49,1.42,1.38,1.39,1.46,1.49,1.45,1.42,1.47,1.81,2.26,-999,2.33,2.39,2.64,2.32,1.94,2.01,1.91,1.93,2.03,2.13,-999,-999,1.49,-41.25
-43.75,1.77,1.81,1.45,1.17,1.12,1.12,1.12,1.09,1.04,1.02,1.03,1.09,1.2,1.35,1.49,1.6,1.64,1.67,1.72,1.74,1.72,1.74,1.79,1.87,1.93,1.94,1.91,1.89,1.87,1.88,1.93,2.02,2.1,2.16,2.21,2.22,2.11,1.75,1.4,1.42,1.63,1.56,1.49,-999,-999,-999,1.45,1.36,1.01,-0.31,-0.71,0.06,0.72,1.12,1.29,1.32,1.28,1.31,1.4,1.55,1.7,1.82,1.97,2.11,2.17,2.18,2.2,2.24,2.28,2.31,2.28,2.25,2.3,2.4,2.49,2.53,2.54,2.5,2.45,2.42,2.49,2.6,2.67,2.64,2.55,2.45,2.43,2.46,2.56,2.62,2.52,2.41,2.33,2.36,2.44,2.48,2.52,2.63,2.76,2.79,2.72,2.66,2.54,2.32,2.09,1.92,1.89,1.97,2.04,2.04,1.98,1.95,1.96,1.96,1.92,1.82,1.7,1.63,1.58,1.53,1.45,1.39,1.35,1.33,1.37,1.4,1.38,1.35,1.82,2.31,-999,2.59,2.52,2.29,1.91,2.01,2.05,1.87,2.05,-999,-999,2.27,2.36,2.22,-43.75
-46.25,2.14,2.21,2.15,1.89,1.65,1.51,1.42,1.33,1.25,1.18,1.12,1.07,1.06,1.14,1.24,1.33,1.41,1.5,1.59,1.65,1.67,1.67,1.65,1.69,1.78,1.87,1.92,1.94,1.91,1.86,1.82,1.82,1.87,1.92,1.96,1.98,1.97,1.86,1.62,1.55,1.65,1.5,-999,-999,-999,1.49,1.52,1.48,1.25,0.98,0.96,1.02,1.15,1.27,1.36,1.41,1.41,1.4,1.41,1.4,1.44,1.52,1.63,1.75,1.83,1.83,1.79,1.78,1.78,1.76,1.75,1.77,1.81,1.87,1.92,2.04,2.2,2.28,2.27,2.24,2.22,2.21,2.2,2.17,2.1,2.06,2.06,2.03,2.06,2.13,2.17,2.17,2.01,2.05,2.14,2.21,2.33,2.47,2.62,2.57,2.58,2.84,3.13,3,2.5,2.1,2,2.07,2.16,2.21,2.19,2.1,2.02,1.97,1.92,1.87,1.82,1.78,1.75,1.7,1.63,1.54,1.46,1.42,1.43,1.43,1.41,1.36,1.57,2.41,2.42,2.24,2,1.74,1.67,1.67,1.71,1.64,1.98,-999,-999,2.14,2.08,2.06,-46.25
-48.75,1.38,1.47,1.61,1.68,1.69,1.69,1.67,1.6,1.5,1.44,1.39,1.3,1.24,1.25,1.28,1.31,1.34,1.38,1.46,1.54,1.61,1.68,1.75,1.81,1.87,1.9,1.89,1.87,1.85,1.87,1.87,1.85,1.8,1.76,1.72,1.7,1.7,1.73,1.63,1.56,1.56,-999,-999,-999,-999,1.37,1.44,1.47,1.36,1.16,1.08,1.01,1.06,1.15,1.24,1.31,1.33,1.33,1.34,1.33,1.35,1.4,1.49,1.57,1.6,1.62,1.64,1.62,1.6,1.59,1.6,1.64,1.68,1.7,1.71,1.69,1.74,1.8,1.83,1.86,1.89,1.91,1.94,1.93,1.88,1.85,1.85,1.83,1.81,1.83,1.89,1.94,1.92,1.88,1.87,2.03,2.25,2.44,2.43,-999,2.15,2.53,2.78,2.72,2.37,2.04,1.95,1.96,2,2.06,2.11,2.12,2.11,2.09,2.05,1.97,1.87,1.78,1.74,1.74,1.73,1.7,1.64,1.6,1.6,1.61,1.61,1.58,1.47,1.52,1.97,2.12,1.92,1.73,1.64,1.57,1.43,1.38,1.52,1.52,1.55,1.53,1.52,1.49,-48.75
-51.25,1.09,1.18,1.29,1.36,1.41,1.45,1.49,1.47,1.41,1.36,1.32,1.3,1.3,1.34,1.38,1.39,1.39,1.39,1.43,1.49,1.55,1.6,1.68,1.77,1.86,1.88,1.86,1.84,1.81,1.78,1.76,1.74,1.71,1.67,1.62,1.56,1.53,1.55,1.58,1.57,1.46,1.32,-999,-999,-999,1.26,1.36,1.42,-999,1.25,1.18,1.06,1.04,1.06,1.08,1.1,1.13,1.14,1.14,1.13,1.14,1.16,1.2,1.26,1.31,1.39,1.46,1.51,1.57,1.61,1.62,1.63,1.65,1.65,1.65,1.63,1.63,1.64,1.66,1.68,1.68,1.69,1.72,1.75,1.74,1.7,1.65,1.59,1.55,1.55,1.59,1.63,1.64,1.63,1.65,1.83,2.1,2.29,2.29,2.18,2.1,2.05,2.05,1.77,1.43,1.26,1.25,1.32,1.39,1.46,1.53,1.61,1.7,1.79,1.85,1.9,1.89,1.82,1.75,1.71,1.7,1.68,1.68,1.69,1.73,1.8,1.87,1.92,1.88,1.74,1.58,1.52,1.52,1.52,1.52,1.48,1.34,1.15,1.23,1.25,1.19,1.11,1.07,1.06,-51.25
-53.75,1.08,1.14,1.26,1.37,1.44,1.51,1.57,1.58,1.53,1.46,1.36,1.3,1.29,1.32,1.34,1.36,1.4,1.43,1.44,1.48,1.53,1.56,1.59,1.65,1.71,1.74,1.76,1.79,1.81,1.82,1.79,1.74,1.67,1.58,1.48,1.41,1.4,1.42,1.46,1.49,1.43,1.29,-999,-999,-999,1.16,1.27,1.32,1.28,1.29,1.24,1.17,1.11,1.07,0.99,1,1.05,1.12,1.04,0.94,0.87,0.81,0.76,0.77,0.85,1.02,1.21,1.37,1.51,1.56,1.5,1.44,1.41,1.36,1.35,1.38,1.42,1.43,1.43,1.39,1.34,1.36,1.42,1.47,1.49,1.46,1.41,1.35,1.29,1.24,1.25,1.27,1.27,1.28,1.3,1.36,1.51,1.69,1.85,1.97,1.98,1.89,1.7,1.45,1.37,1.29,1.21,1.17,1.15,1.14,1.17,1.22,1.28,1.35,1.41,1.46,1.52,1.57,1.6,1.62,1.63,1.63,1.63,1.64,1.67,1.69,1.73,1.8,1.86,1.86,1.82,1.79,1.81,1.82,1.87,1.74,1.48,1.04,0.93,0.98,1,0.94,0.98,1.05,-53.75
-56.25,1.02,1.11,1.22,1.32,1.42,1.51,1.6,1.65,1.67,1.65,1.58,1.52,1.49,1.5,1.58,1.65,1.7,1.74,1.71,1.64,1.61,1.6,1.61,1.63,1.68,1.7,1.71,1.73,1.76,1.79,1.78,1.74,1.67,1.58,1.5,1.42,1.36,1.33,1.32,1.34,1.38,1.36,1.29,1.24,1.19,1.25,1.28,1.25,1.23,1.22,1.2,1.16,1.13,1.1,1.03,0.95,0.91,0.9,0.84,0.78,0.84,0.78,0.52,0.37,0.41,0.59,0.82,1.04,1.22,1.29,1.3,1.23,1.13,1.03,0.89,0.78,0.79,0.84,0.82,0.76,0.74,0.8,0.93,1.05,1.11,1.14,1.14,1.1,1.08,1.07,1.06,1.04,1,0.98,0.99,1,1.04,1.15,1.25,1.31,1.35,1.29,1.09,1.09,1.04,0.99,1.02,1.06,1.08,1.09,1.1,1.13,1.18,1.22,1.24,1.25,1.29,1.34,1.37,1.4,1.43,1.44,1.44,1.44,1.44,1.45,1.46,1.47,1.47,1.47,1.5,1.56,1.61,1.7,1.85,2.03,1.93,1.59,1.31,1.15,1,0.94,0.96,0.97,-56.25
-58.75,0.97,1.02,1.07,1.13,1.22,1.31,1.38,1.43,1.42,1.32,1.13,0.97,0.85,0.79,0.9,1.22,1.57,1.82,1.92,1.9,1.82,1.75,1.71,1.7,1.73,1.77,1.81,1.83,1.84,1.82,1.79,1.75,1.7,1.65,1.57,1.5,1.46,1.41,1.33,1.25,1.2,1.18,1.19,1.2,1.2,1.21,1.22,1.21,1.24,1.23,1.23,1.19,1.14,1.09,1.02,0.93,0.87,0.85,0.82,0.84,0.98,1.04,0.94,0.88,0.88,0.84,0.72,0.71,0.81,0.9,0.79,0.53,0.31,0.17,0.11,0.3,0.51,0.57,0.6,0.65,0.74,0.85,0.92,0.98,1.02,1.03,1.02,1.01,1,0.98,0.95,0.9,0.86,0.84,0.8,0.76,0.77,0.83,0.87,0.85,0.77,0.77,0.96,1.05,0.96,0.78,0.58,0.5,0.59,0.77,0.95,1.1,1.24,1.36,1.47,1.53,1.54,1.5,1.46,1.42,1.4,1.4,1.4,1.41,1.39,1.36,1.31,1.27,1.25,1.23,1.26,1.44,1.72,1.8,1.8,2.12,2.22,1.88,1.6,1.33,1.11,0.97,0.91,0.93,-58.75
-61.25,1.01,0.98,0.94,0.91,0.89,0.88,0.86,0.85,0.79,0.7,0.61,0.55,0.5,0.53,0.79,1.07,1.28,1.59,1.79,1.81,1.78,1.76,1.74,1.74,1.76,1.82,1.88,1.91,1.9,1.88,1.84,1.79,1.73,1.68,1.6,1.55,1.52,1.45,1.36,1.27,1.18,1.12,1.1,1.1,1.13,1.25,1.21,1.06,0.99,0.85,0.77,0.93,0.99,0.97,0.98,0.96,0.93,0.99,1.03,1.04,1.08,1.11,1.09,1.09,1.05,0.97,0.82,0.66,0.51,0.3,0.07,-0.06,-0.22,-0.22,0.54,0.88,0.99,1.08,1.17,1.25,1.37,1.49,1.59,1.61,1.57,1.51,1.44,1.31,1.13,0.99,0.88,0.82,0.79,0.76,0.71,0.64,0.59,0.57,0.55,0.52,0.47,0.5,0.83,1.05,1.09,0.83,0.42,0.4,0.59,0.78,0.91,0.93,0.89,0.95,1.18,1.51,1.79,1.97,2.05,2.09,2.13,2.16,2.16,2.13,2.04,1.89,1.76,1.73,1.72,1.66,1.65,1.78,1.77,1.47,1.17,1.19,1.53,1.43,1.25,1.18,1.13,1.07,1.04,1.02,-61.25
-63.75,0.95,0.8,0.66,0.52,0.38,0.32,0.34,0.37,0.39,0.38,0.36,0.3,0.25,0.29,0.46,0.79,1.11,1.3,1.44,1.51,1.55,1.61,1.68,1.75,1.81,1.85,1.86,1.83,1.78,1.72,1.66,1.6,1.57,1.56,1.52,1.48,1.46,1.41,1.31,1.23,1.2,1.24,1.3,1.34,1.29,1.16,-999,-999,0.53,0.56,0.42,0.38,0.45,0.53,0.58,0.64,0.73,0.82,0.95,1.13,1.26,1.29,1.22,1.07,0.91,0.7,0.46,0.32,0.11,-0.09,-0.19,-0.27,-0.29,0.35,0.67,0.81,0.93,1.02,1.12,1.27,1.47,1.65,1.78,1.83,1.8,1.76,1.76,1.78,1.66,1.42,1.17,0.92,0.63,0.51,0.53,0.61,0.66,0.56,0.41,0.32,0.33,0.42,0.54,0.71,0.77,0.5,0.35,0.41,0.48,0.5,0.55,0.57,0.52,0.64,0.67,0.84,0.98,1.01,1.02,1.1,1.29,1.48,1.5,1.46,1.41,1.37,1.31,1.18,1.1,1.08,1,0.82,0.56,0.32,0.17,0.15,0.4,0.84,1.13,1.24,1.27,1.22,1.19,1.09,-63.75
-66.25,0.37,0.3,0.27,0.27,0.27,0.28,0.28,0.28,0.29,0.3,0.27,0.23,0.23,0.24,0.25,0.31,0.47,0.67,0.88,1.09,1.31,1.54,1.79,1.99,2.13,2.2,2.22,2.22,2.18,2.11,2.04,1.95,1.84,1.74,1.6,1.45,1.4,1.37,1.37,1.36,1.31,1.19,1.06,0.89,0.91,-999,-999,0.46,0.42,0.42,0.46,0.58,0.76,0.9,0.97,1.05,1.18,1.31,1.43,1.48,1.42,1.28,1.14,1.06,0.96,0.84,0.73,0.65,0.7,0.85,0.94,0.98,1,0.99,0.94,0.83,0.7,0.64,0.65,0.76,0.96,1.1,1.14,0.99,0.72,0.47,0.35,0.42,0.28,-0.01,-0.25,-0.3,-999,-999,-999,-0.05,0.02,0.06,0.1,0.11,0.1,0.15,0.22,0.25,0.19,0.21,-999,0.31,0.31,0.32,-999,-999,-999,-999,-999,0.63,-999,-999,-999,0.68,0.64,0.58,-999,0.45,-999,-999,-999,0,0.08,0.11,0.1,0.08,0.09,0.07,0.1,0.22,0.33,0.46,0.54,0.48,0.46,0.44,0.47,0.45,-66.25
-68.75,0.29,0.28,0.28,0.27,0.24,0.21,0.21,0.23,0.24,0.24,0.25,0.27,0.27,0.27,0.25,0.24,0.27,0.35,0.47,0.65,0.87,1.06,1.16,1.16,1.11,1.09,1.13,1.2,1.28,1.32,1.32,1.28,1.23,1.18,1.13,1.09,1.07,1.06,1.01,0.95,0.92,0.86,0.78,-999,-999,-999,-999,0.83,0.65,0.51,0.51,0.68,0.91,1.15,1.44,1.64,1.69,1.69,1.72,1.78,1.79,1.72,1.64,1.6,1.56,1.52,1.46,1.38,1.26,1.09,1.01,1.01,0.95,0.86,0.7,0.51,0.3,0.23,0.16,0.15,0.18,0.23,0.26,-999,-999,-999,-999,0.03,-999,-999,-999,-999,-999,-999,-999,-999,-999,-999,-999,-999,0.43,-999,-999,-999,-999,-999,-999,-999,-999,-999,-999,-999,-999,-999,-999,-999,-999,-999,-999,-999,-999,-999,-999,-999,-999,-999,-999,-999,-999,-999,-999,-999,-999,-999,-999,-999,0.31,0.36,0.4,0.44,0.43,0.39,0.35,0.32,-68.75
-71.25,0.32,0.26,0.21,0.19,0.2,0.2,0.2,0.21,0.22,0.22,0.24,0.26,0.26,0.24,0.23,0.23,0.23,0.25,0.28,0.31,0.35,0.38,0.35,0.35,0.36,0.41,0.45,0.49,0.5,0.51,0.52,0.56,0.6,0.57,0.5,0.54,0.56,0.61,0.68,0.7,0.7,0.66,-999,-999,-999,-999,-999,0.5,0.66,0.8,0.69,0.67,0.78,0.91,1.11,1.33,1.56,1.71,1.75,1.74,1.66,1.54,1.4,1.28,1.14,0.99,0.84,-999,-999,-999,-999,-999,-999,-999,-999,-999,-999,-999,-999,-999,-999,-999,-999,-999,-999,-999,-999,-999,-999,-999,-999,-999,-999,-999,-999,-999,-999,-999,-999,-999,-999,-999,-999,-999,-999,-999,-999,-999,-999,-999,-999,-999,-999,-999,-999,-999,-999,-999,-999,-999,-999,-999,-999,-999,-999,-999,-999,-999,-999,-999,-999,-999,-999,-999,-999,-999,-999,-999,-999,-999,0.4,0.45,0.4,0.36,-71.25
-73.75,0.19,0.15,0.13,0.13,0.15,0.18,0.21,0.23,0.25,0.27,0.28,0.26,0.23,0.19,0.19,0.2,0.23,0.27,0.33,-999,-999,-999,-999,-999,-999,-999,-999,-999,-999,-999,-999,-999,-999,-999,-999,-999,-999,-999,-999,-999,-999,-999,-999,-999,-999,-999,-999,0.41,0.52,0.73,0.92,0.95,0.92,0.93,1.03,1.12,1.18,1.25,1.3,1.3,1.29,1.25,1.17,-999,0.51,-999,-999,-999,-999,-999,-999,-999,-999,-999,-999,-999,-999,-999,-999,-999,-999,-999,-999,-999,-999,-999,-999,-999,-999,-999,-999,-999,-999,-999,-999,-999,-999,-999,-999,-999,-999,-999,-999,-999,-999,-999,-999,-999,-999,-999,-999,-999,-999,-999,-999,-999,-999,-999,-999,-999,-999,-999,-999,-999,-999,-999,-999,-999,-999,-999,-999,-999,-999,-999,-999,-999,-999,-999,-999,0.2,0.35,0.35,0.31,0.26,-73.75
-76.25,0.16,0.15,0.15,0.15,0.18,0.21,0.24,0.25,0.26,0.28,0.28,0.25,-999,-999,-999,-999,-999,-999,-999,-999,-999,-999,-999,-999,-999,-999,-999,-999,-999,-999,-999,-999,-999,-999,-999,-999,-999,-999,-999,-999,-999,-999,-999,-999,-999,-999,-999,0.7,0.64,0.72,0.8,0.85,0.87,0.88,0.93,1.01,1.08,1.1,1.16,1.12,0.94,-999,-999,-999,-999,-999,-999,-999,-999,-999,-999,-999,-999,-999,-999,-999,-999,-999,-999,-999,-999,-999,-999,-999,-999,-999,-999,-999,-999,-999,-999,-999,-999,-999,-999,-999,-999,-999,-999,-999,-999,-999,-999,-999,-999,-999,-999,-999,-999,-999,-999,-999,-999,-999,-999,-999,-999,-999,-999,-999,-999,-999,-999,-999,-999,-999,-999,-999,-999,-999,-999,-999,-999,-999,-999,-999,-999,0.29,0.28,0.31,0.31,0.27,0.22,0.19,-76.25
-78.75,-999,-999,-999,-999,-999,-999,-999,-999,-999,-999,-999,-999,-999,-999,-999,-999,-999,-999,-999,-999,-999,-999,-999,-999,-999,-999,-999,-999,-999,-999,-999,-999,-999,-999,-999,-999,-999,-999,-999,-999,-999,-999,-999,-999,-999,-999,-999,-999,-999,-999,-999,-999,-999,-999,-999,-999,-999,-999,-999,-999,-999,-999,-999,-999,-999,-999,-999,-999,-999,-999,-999,-999,-999,-999,-999,-999,-999,-999,-999,-999,-999,-999,-999,-999,-999,-999,-999,-999,-999,-999,-999,-999,-999,-999,-999,-999,-999,-999,-999,-999,-999,-999,-999,-999,-999,-999,-999,-999,-999,-999,-999,-999,-999,-999,-999,-999,-999,-999,-999,-999,-999,-999,-999,-999,-999,-999,-999,-999,-999,-999,-999,-999,-999,-999,-999,-999,-999,-999,-999,-999,-999,-999,-999,-999,-78.75
-81.25,-999,-999,-999,-999,-999,-999,-999,-999,-999,-999,-999,-999,-999,-999,-999,-999,-999,-999,-999,-999,-999,-999,-999,-999,-999,-999,-999,-999,-999,-999,-999,-999,-999,-999,-999,-999,-999,-999,-999,-999,-999,-999,-999,-999,-999,-999,-999,-999,-999,-999,-999,-999,-999,-999,-999,-999,-999,-999,-999,-999,-999,-999,-999,-999,-999,-999,-999,-999,-999,-999,-999,-999,-999,-999,-999,-999,-999,-999,-999,-999,-999,-999,-999,-999,-999,-999,-999,-999,-999,-999,-999,-999,-999,-999,-999,-999,-999,-999,-999,-999,-999,-999,-999,-999,-999,-999,-999,-999,-999,-999,-999,-999,-999,-999,-999,-999,-999,-999,-999,-999,-999,-999,-999,-999,-999,-999,-999,-999,-999,-999,-999,-999,-999,-999,-999,-999,-999,-999,-999,-999,-999,-999,-999,-999,-81.25
-83.75,-999,-999,-999,-999,-999,-999,-999,-999,-999,-999,-999,-999,-999,-999,-999,-999,-999,-999,-999,-999,-999,-999,-999,-999,-999,-999,-999,-999,-999,-999,-999,-999,-999,-999,-999,-999,-999,-999,-999,-999,-999,-999,-999,-999,-999,-999,-999,-999,-999,-999,-999,-999,-999,-999,-999,-999,-999,-999,-999,-999,-999,-999,-999,-999,-999,-999,-999,-999,-999,-999,-999,-999,-999,-999,-999,-999,-999,-999,-999,-999,-999,-999,-999,-999,-999,-999,-999,-999,-999,-999,-999,-999,-999,-999,-999,-999,-999,-999,-999,-999,-999,-999,-999,-999,-999,-999,-999,-999,-999,-999,-999,-999,-999,-999,-999,-999,-999,-999,-999,-999,-999,-999,-999,-999,-999,-999,-999,-999,-999,-999,-999,-999,-999,-999,-999,-999,-999,-999,-999,-999,-999,-999,-999,-999,-83.75
-86.25,-999,-999,-999,-999,-999,-999,-999,-999,-999,-999,-999,-999,-999,-999,-999,-999,-999,-999,-999,-999,-999,-999,-999,-999,-999,-999,-999,-999,-999,-999,-999,-999,-999,-999,-999,-999,-999,-999,-999,-999,-999,-999,-999,-999,-999,-999,-999,-999,-999,-999,-999,-999,-999,-999,-999,-999,-999,-999,-999,-999,-999,-999,-999,-999,-999,-999,-999,-999,-999,-999,-999,-999,-999,-999,-999,-999,-999,-999,-999,-999,-999,-999,-999,-999,-999,-999,-999,-999,-999,-999,-999,-999,-999,-999,-999,-999,-999,-999,-999,-999,-999,-999,-999,-999,-999,-999,-999,-999,-999,-999,-999,-999,-999,-999,-999,-999,-999,-999,-999,-999,-999,-999,-999,-999,-999,-999,-999,-999,-999,-999,-999,-999,-999,-999,-999,-999,-999,-999,-999,-999,-999,-999,-999,-999,-86.25
-88.75,-999,-999,-999,-999,-999,-999,-999,-999,-999,-999,-999,-999,-999,-999,-999,-999,-999,-999,-999,-999,-999,-999,-999,-999,-999,-999,-999,-999,-999,-999,-999,-999,-999,-999,-999,-999,-999,-999,-999,-999,-999,-999,-999,-999,-999,-999,-999,-999,-999,-999,-999,-999,-999,-999,-999,-999,-999,-999,-999,-999,-999,-999,-999,-999,-999,-999,-999,-999,-999,-999,-999,-999,-999,-999,-999,-999,-999,-999,-999,-999,-999,-999,-999,-999,-999,-999,-999,-999,-999,-999,-999,-999,-999,-999,-999,-999,-999,-999,-999,-999,-999,-999,-999,-999,-999,-999,-999,-999,-999,-999,-999,-999,-999,-999,-999,-999,-999,-999,-999,-999,-999,-999,-999,-999,-999,-999,-999,-999,-999,-999,-999,-999,-999,-999,-999,-999,-999,-999,-999,-999,-999,-999,-999,-999,-88.75
1,-178.75,-176.25,-173.75,-171.25,-168.75,-166.25,-163.75,-161.25,-158.75,-156.25,-153.75,-151.25,-148.75,-146.25,-143.75,-141.25,-138.75,-136.25,-133.75,-131.25,-128.75,-126.25,-123.75,-121.25,-118.75,-116.25,-113.75,-111.25,-108.75,-106.25,-103.75,-101.25,-98.75,-96.25,-93.75,-91.25,-88.75,-86.25,-83.75,-81.25,-78.75,-76.25,-73.75,-71.25,-68.75,-66.25,-63.75,-61.25,-58.75,-56.25,-53.75,-51.25,-48.75,-46.25,-43.75,-41.25,-38.75,-36.25,-33.75,-31.25,-28.75,-26.25,-23.75,-21.25,-18.75,-16.25,-13.75,-11.25,-8.75,-6.25,-3.75,-1.25,1.25,3.75,6.25,8.75,11.25,13.75,16.25,18.75,21.25,23.75,26.25,28.75,31.25,33.75,36.25,38.75,41.25,43.75,46.25,48.75,51.25,53.75,56.25,58.75,61.25,63.75,66.25,68.75,71.25,73.75,76.25,78.75,81.25,83.75,86.25,88.75,91.25,93.75,96.25,98.75,101.25,103.75,106.25,108.75,111.25,113.75,116.25,118.75,121.25,123.75,126.25,128.75,131.25,133.75,136.25,138.75,141.25,143.75,146.25,148.75,151.25,153.75,156.25,158.75,161.25,163.75,166.25,168.75,171.25,173.75,176.25,178.75,2
