1,-178.75,-176.25,-173.75,-171.25,-168.75,-166.25,-163.75,-161.25,-158.75,-156.25,-153.75,-151.25,-148.75,-146.25,-143.75,-141.25,-138.75,-136.25,-133.75,-131.25,-128.75,-126.25,-123.75,-121.25,-118.75,-116.25,-113.75,-111.25,-108.75,-106.25,-103.75,-101.25,-98.75,-96.25,-93.75,-91.25,-88.75,-86.25,-83.75,-81.25,-78.75,-76.25,-73.75,-71.25,-68.75,-66.25,-63.75,-61.25,-58.75,-56.25,-53.75,-51.25,-48.75,-46.25,-43.75,-41.25,-38.75,-36.25,-33.75,-31.25,-28.75,-26.25,-23.75,-21.25,-18.75,-16.25,-13.75,-11.25,-8.75,-6.25,-3.75,-1.25,1.25,3.75,6.25,8.75,11.25,13.75,16.25,18.75,21.25,23.75,26.25,28.75,31.25,33.75,36.25,38.75,41.25,43.75,46.25,48.75,51.25,53.75,56.25,58.75,61.25,63.75,66.25,68.75,71.25,73.75,76.25,78.75,81.25,83.75,86.25,88.75,91.25,93.75,96.25,98.75,101.25,103.75,106.25,108.75,111.25,113.75,116.25,118.75,121.25,123.75,126.25,128.75,131.25,133.75,136.25,138.75,141.25,143.75,146.25,148.75,151.25,153.75,156.25,158.75,161.25,163.75,166.25,168.75,171.25,173.75,176.25,178.75,2
88.75,0.59,0.58,0.58,0.57,0.57,0.56,0.56,0.55,0.55,0.54,0.54,0.53,0.53,0.53,0.52,0.52,0.51,0.51,0.51,0.5,0.5,0.49,0.49,0.5,0.5,0.48,0.48,0.49,0.49,0.49,0.49,0.49,0.5,0.5,0.5,0.5,0.5,0.5,0.51,0.51,0.52,0.52,0.52,0.52,0.53,0.53,0.53,0.53,0.53,0.53,0.53,0.54,0.54,0.54,0.54,0.54,0.55,0.55,0.55,0.55,0.56,0.56,0.57,0.57,0.57,0.58,0.58,0.59,0.59,0.59,0.6,0.6,0.6,0.61,0.61,0.62,0.62,0.62,0.63,0.63,0.63,0.64,0.64,0.64,0.65,0.65,0.65,0.66,0.66,0.66,0.67,0.67,0.67,0.68,0.68,0.68,0.68,0.69,0.69,0.69,0.69,0.69,0.7,0.7,0.7,0.7,0.7,0.7,0.7,0.7,0.7,0.7,0.7,0.7,0.7,0.7,0.7,0.69,0.69,0.69,0.69,0.69,0.69,0.68,0.68,0.68,0.67,0.67,0.66,0.66,0.66,0.65,0.65,0.64,0.64,0.63,0.63,0.62,0.62,0.61,0.61,0.6,0.6,0.59,88.75
86.25,0.35,0.34,0.33,0.32,0.31,0.3,0.29,0.28,0.27,0.26,0.25,0.24,0.23,0.23,0.22,0.22,0.21,0.21,0.21,0.21,0.2,0.21,0.21,0.21,0.22,0.22,0.23,0.24,0.26,0.28,0.29,0.32,0.35,0.37,0.4,0.43,0.46,0.5,0.53,0.56,0.59,0.62,0.65,0.68,0.7,0.72,0.73,0.75,0.77,0.78,0.79,0.81,0.83,0.85,0.87,0.89,0.91,0.93,0.94,0.96,0.97,0.98,0.99,0.99,0.99,0.99,0.99,1,1,1.01,1.02,1.03,1.03,1.04,1.04,1.04,1.04,1.04,1.04,1.03,1.03,1.02,1.02,1.01,1,0.98,0.97,0.95,0.93,0.91,0.89,0.87,0.85,0.83,0.81,0.8,0.77,0.76,0.74,0.73,0.72,0.71,0.69,0.68,0.67,0.66,0.66,0.65,0.64,0.63,0.62,0.62,0.61,0.6,0.59,0.58,0.57,0.57,0.56,0.55,0.54,0.54,0.53,0.53,0.52,0.52,0.51,0.51,0.5,0.5,0.49,0.49,0.48,0.47,0.46,0.46,0.45,0.43,0.42,0.41,0.4,0.39,0.38,0.36,86.25
83.75,0.31,0.29,0.28,0.27,0.26,0.25,0.24,0.23,0.23,0.22,0.21,0.21,0.21,0.2,0.2,0.2,0.19,0.19,0.19,0.19,0.19,0.19,0.19,0.19,0.21,0.23,0.25,0.29,0.33,0.38,0.44,0.5,0.57,0.64,0.71,0.76,0.8,0.81,0.81,0.78,0.76,0.73,0.71,0.7,0.72,0.75,0.79,0.83,0.85,0.83,0.79,0.78,0.82,0.86,0.92,-999,-999,-999,-999,-999,-999,-999,0.93,0.95,1,1.06,1.14,1.23,1.32,1.42,1.53,1.63,1.72,1.8,1.89,1.97,2.05,2.13,2.2,2.27,2.32,2.35,2.36,2.34,2.31,2.25,2.19,2.11,2.04,1.97,1.91,1.85,1.8,1.75,1.69,1.59,1.5,1.46,1.38,1.3,1.23,1.16,1.11,1.06,1.02,0.99,0.97,0.96,0.94,0.92,0.89,0.85,0.81,0.76,0.72,0.68,0.65,0.63,0.61,0.6,0.59,0.59,0.59,0.6,0.6,0.61,0.61,0.61,0.61,0.6,0.59,0.58,0.56,0.55,0.53,0.5,0.48,0.46,0.43,0.41,0.39,0.37,0.35,0.33,83.75
81.25,0.36,0.34,0.32,0.31,0.3,0.29,0.28,0.28,0.28,0.27,0.27,0.26,0.26,0.25,0.25,0.24,0.24,0.23,0.23,0.23,0.23,0.23,0.23,0.25,0.28,0.33,0.39,0.48,0.58,0.68,0.76,0.81,0.84,-999,-999,-999,-999,-999,-999,-999,-999,-999,-999,-999,1.31,1.22,1.03,-999,-999,-999,-999,-999,-999,-999,-999,-999,-999,-999,-999,-999,-999,-999,-999,-999,-999,-999,-999,1.87,1.91,2.08,2.26,2.44,2.48,2.52,2.7,2.9,3.08,3.24,3.4,3.49,3.48,3.43,3.45,3.53,3.61,3.62,3.59,3.58,3.6,3.62,3.53,3.38,3.28,-999,-999,2.57,2.47,-999,-999,2.39,2.53,2.66,2.63,2.56,2.54,2.62,2.8,2.92,2.95,-999,-999,1.93,1.7,1.45,1.22,1.06,0.96,0.94,0.94,0.97,0.99,1.01,1.04,1.06,1.07,1.08,1.07,1.06,1.03,1,0.96,0.92,0.87,0.82,0.76,0.71,0.67,0.62,0.58,0.53,0.49,0.45,0.42,0.39,81.25
78.75,0.49,0.46,0.45,0.46,0.47,0.47,0.45,0.43,0.4,0.37,0.34,0.32,0.3,0.29,0.28,0.27,0.26,0.26,0.26,0.27,0.29,0.32,0.38,0.46,0.55,0.6,0.62,-999,0.95,1.09,1.39,-999,-999,-999,-999,-999,-999,-999,-999,-999,-999,-999,-999,1.88,1.99,-999,-999,-999,-999,-999,-999,-999,-999,-999,-999,-999,-999,-999,-999,-999,-999,-999,-999,-999,-999,2.72,2.95,3.25,3.4,3.44,3.18,2.4,2.12,3.46,4.77,5.44,-999,-999,-999,-999,-999,4.95,4.96,4.95,4.99,5.07,5.16,5.37,5.69,6,6.24,6.38,6.32,5.92,5.37,4.93,4.61,4.45,4.49,4.51,4.34,3.94,3.55,3.24,3,2.84,2.79,2.83,2.87,2.84,2.69,2.54,-999,-999,-999,1.57,1.63,1.68,1.72,1.75,1.77,1.8,1.81,1.8,1.8,1.8,1.79,1.76,1.78,1.78,1.72,1.65,1.53,1.41,1.33,1.22,1.15,1.1,1.03,0.94,0.83,0.72,0.63,0.55,78.75
76.25,1.4,1.46,1.59,1.8,1.99,2,1.77,1.39,1.04,0.76,0.55,0.41,0.34,0.31,0.3,0.31,0.34,0.38,0.44,0.53,0.67,0.82,1.29,-999,-999,-999,-999,-999,-999,-999,1.11,-999,-999,-999,-999,-999,-999,-999,-999,-999,-999,2.5,2.38,2.3,-999,2.23,-999,-999,-999,-999,-999,-999,-999,-999,-999,-999,-999,-999,-999,-999,-999,-999,-999,-999,-999,3.59,3.97,3.62,3.87,4.71,6.28,6.99,6.77,6.36,5.98,5.61,5.43,5.9,6.62,7.13,7.23,6.98,7.12,7.5,7.76,8.15,8.55,8.59,8.38,8.18,7.98,7.71,7.54,7.52,7.31,-999,-999,-999,-999,2.87,3.34,3.47,3.4,3.28,3.3,3.34,3.34,3.22,-999,-999,-999,-999,-999,-999,-999,-999,-999,-999,2.06,2.21,2.38,2.55,2.62,2.6,2.48,2.28,2.06,-999,-999,-999,-999,1.46,1.48,1.55,1.58,1.59,1.59,1.67,1.77,1.73,1.6,1.46,1.4,1.39,76.25
73.75,2.08,2.1,2.15,2.3,2.44,2.65,3.15,3.58,3.27,2.57,1.93,1.54,1.4,1.37,1.43,1.55,1.76,2.05,2.49,3.04,3.47,3.67,-999,-999,-999,-999,3.14,3.23,3.22,-999,3.11,-999,-999,-999,-999,-999,-999,-999,-999,-999,-999,-999,2.94,2.58,2.39,2.33,2.39,2.66,3.03,-999,-999,-999,-999,-999,-999,-999,-999,-999,-999,-999,-999,-999,-999,-999,4.17,3.8,5.61,6.4,6.58,6.45,5.98,5.31,4.61,4.24,4.36,4.61,4.54,4.03,3.83,4.33,4.57,4.44,4.46,4.72,5.24,5.96,6.84,7.48,7.73,7.74,7.66,7.41,7.39,-999,-999,3.41,3.78,4.08,3.85,3.17,-999,2.67,3.14,3.22,-999,-999,-999,-999,-999,-999,-999,-999,-999,-999,-999,-999,-999,-999,-999,-999,3.07,-999,-999,-999,2.67,2.42,2.55,2.36,2.07,1.94,2.16,2.29,2.47,2.55,2.59,2.64,2.6,2.46,2.29,2.15,2.09,2.06,2.04,2.05,73.75
71.25,-999,2.43,2.87,3.15,3.38,3.69,4.15,4.71,-999,-999,-999,5.19,5.08,5.03,5.09,4.97,5.03,5.12,5.09,5.08,4.96,5.11,-999,4.96,4.53,-999,-999,-999,-999,-999,-999,3.73,3.86,-999,-999,-999,-999,-999,-999,-999,-999,-999,-999,-999,3.08,2.68,2.5,2.53,2.91,3.16,-999,-999,-999,-999,-999,-999,-999,-999,-999,-999,-999,-999,-999,-999,4.16,6.88,8.08,7.81,7.27,6.42,5.42,4.67,4.2,3.95,3.79,3.59,3.27,2.78,2.11,1.95,2.07,-999,-999,-999,3.84,4.66,5.61,6.4,6.73,6.87,6.91,6.77,6.3,-999,-999,6.88,6.17,5.56,-999,-999,-999,-999,-999,-999,-999,-999,-999,-999,-999,-999,-999,-999,-999,-999,-999,-999,-999,-999,-999,-999,-999,-999,-999,-999,-999,-999,-999,-999,-999,-999,-999,-999,-999,-999,-999,-999,1.97,1.76,1.59,1.6,1.63,1.83,2.53,-999,71.25
68.75,-999,-999,2.47,2.9,3.19,-999,-999,-999,-999,-999,-999,-999,-999,-999,-999,-999,-999,-999,-999,-999,-999,-999,-999,-999,-999,-999,-999,-999,-999,-999,-999,-999,-999,-999,-999,-999,-999,-999,-999,2.74,2.76,-999,-999,-999,-999,-999,-999,2.57,2.73,3.23,-999,-999,-999,-999,-999,-999,-999,-999,-999,-999,-999,4.47,4.12,3.88,4.77,6.03,7.16,7.74,7.37,6.5,5.82,5.41,4.68,3.75,2.93,2.16,1.86,2.12,-999,-999,-999,-999,-999,-999,-999,-999,-999,-999,5.06,-999,-999,5.53,-999,-999,-999,-999,-999,-999,-999,-999,-999,-999,-999,-999,-999,-999,-999,-999,-999,-999,-999,-999,-999,-999,-999,-999,-999,-999,-999,-999,-999,-999,-999,-999,-999,-999,-999,-999,-999,-999,-999,-999,-999,-999,-999,-999,-999,-999,-999,-999,-999,-999,-999,-999,68.75
66.25,-999,-999,-999,-999,3.61,-999,-999,-999,-999,-999,-999,-999,-999,-999,-999,-999,-999,-999,-999,-999,-999,-999,-999,-999,-999,-999,-999,-999,-999,-999,-999,-999,-999,-999,-999,-999,-999,-999,-999,2.7,3.05,-999,-999,-999,-999,-999,-999,2.54,2.85,3.14,-999,-999,-999,-999,-999,-999,-999,-999,-999,2.65,1.92,2.25,2.55,-999,-999,-999,-999,5.03,5.4,5.52,5.26,5,3.68,2.22,1.69,2.32,2.74,-999,-999,-999,-999,-999,-999,-999,-999,-999,4.21,4.23,-999,-999,-999,-999,-999,-999,-999,-999,-999,-999,-999,-999,-999,-999,-999,-999,-999,-999,-999,-999,-999,-999,-999,-999,-999,-999,-999,-999,-999,-999,-999,-999,-999,-999,-999,-999,-999,-999,-999,-999,-999,-999,-999,-999,-999,-999,-999,-999,-999,-999,-999,-999,-999,-999,-999,-999,66.25
63.75,3.69,3.51,3.31,3.27,-999,3.49,3.16,-999,-999,-999,-999,-999,-999,-999,-999,-999,-999,-999,-999,-999,-999,-999,-999,-999,-999,-999,-999,-999,-999,-999,-999,-999,-999,-999,-999,-999,2.35,-999,-999,-999,2.99,3.15,2.98,-999,-999,-999,-999,2.85,3.22,3.35,3.15,-999,-999,-999,-999,-999,1.98,0.83,-1.29,-1.33,-1.04,-1.61,-1.44,-999,-999,-999,0.09,0.14,0.15,0.51,0.88,1.22,1.54,1.55,2.18,-999,-999,-999,-999,-999,3.83,-999,-999,-999,-999,-999,-999,-999,-999,-999,-999,-999,-999,-999,-999,-999,-999,-999,-999,-999,-999,-999,-999,-999,-999,-999,-999,-999,-999,-999,-999,-999,-999,-999,-999,-999,-999,-999,-999,-999,-999,-999,-999,-999,-999,-999,-999,-999,-999,-999,-999,-999,-999,-999,-999,-999,-999,-999,-999,-999,-999,-999,-999,-999,63.75
61.25,4.21,4.1,4.05,4.15,4.32,-999,-999,-999,-999,-999,-999,-999,-999,-999,-999,-999,-999,-999,-999,-999,-999,-999,-999,-999,-999,-999,-999,-999,-999,-999,-999,-999,-999,-999,-999,3.11,2.9,2.97,3.21,3.4,3.58,-999,-999,3.56,3.07,3.07,3.01,3.12,3.36,3.34,2.77,2.27,-999,-999,-999,2.17,1.6,1.66,1.99,2.03,1.24,0.04,-0.14,0.65,1.14,1.59,1.11,0.33,0.26,-999,0.78,0.93,1.56,2.6,-999,-999,-999,-999,-999,3.69,-999,-999,-999,-999,-999,-999,-999,-999,-999,-999,-999,-999,-999,-999,-999,-999,-999,-999,-999,-999,-999,-999,-999,-999,-999,-999,-999,-999,-999,-999,-999,-999,-999,-999,-999,-999,-999,-999,-999,-999,-999,-999,-999,-999,-999,-999,-999,-999,-999,-999,-999,-999,-999,-999,-999,-999,-999,-999,-999,-999,-999,-999,4.61,4.41,61.25
58.75,6.02,7.2,7.04,6.09,5.64,5.46,5.29,-999,-999,-999,-999,-999,6.01,5.67,5.43,5.56,-999,-999,-999,-999,-999,-999,-999,-999,-999,-999,-999,-999,-999,-999,-999,-999,-999,-999,-999,4.2,3.99,3.72,3.7,3.85,3.8,-999,-999,-999,-999,-999,-999,3.24,3.37,3.05,2.1,1.08,0.61,1.57,2.02,1.49,1.24,1.39,1.8,1.98,1.41,0.98,1.09,1.38,1.57,1.52,1,0.64,0.62,-999,-999,1.65,2.52,3.17,-999,-999,-999,-999,-999,-999,4.26,-999,-999,-999,-999,-999,-999,-999,-999,-999,-999,-999,-999,-999,-999,-999,-999,-999,-999,-999,-999,-999,-999,-999,-999,-999,-999,-999,-999,-999,-999,-999,-999,-999,-999,-999,-999,-999,-999,-999,-999,-999,-999,-999,-999,-999,-999,-999,-999,-999,-999,-999,-999,-999,2.48,-999,-999,-999,4.75,4.47,4.07,3.87,4.26,4.94,58.75
56.25,4.85,5.43,6.12,7.17,7.74,7.67,7.15,-999,-999,-999,-999,5.57,5.24,5.33,5.35,5.16,4.9,5.26,-999,-999,-999,-999,-999,-999,-999,-999,-999,-999,-999,-999,-999,-999,-999,-999,-999,-999,-999,4.76,4.75,4.74,4.29,-999,-999,-999,-999,-999,-999,-999,3.91,3.68,3.02,2.57,1.58,1.19,1.51,1.14,1.07,1.58,1.87,1.73,1.34,1.14,1.2,1.77,1.64,1.2,1.16,1.01,0.84,2.01,-999,2.89,3.21,3.25,3.21,-999,-999,4.78,4.8,4.63,-999,-999,-999,-999,-999,-999,-999,-999,-999,-999,-999,-999,-999,-999,-999,-999,-999,-999,-999,-999,-999,-999,-999,-999,-999,-999,-999,-999,-999,-999,-999,-999,-999,-999,-999,-999,-999,-999,-999,-999,-999,-999,-999,-999,-999,-999,-999,-999,4.31,4.6,4.51,4.25,4.16,3.93,-999,-999,-999,3.89,3.73,3.67,3.62,3.72,4.07,4.48,56.25
53.75,4.26,4.51,4.86,5.1,-999,-999,5.15,5.23,5.13,5.02,5.06,5.16,5.29,5.35,5.3,5.23,4.93,4.79,5.01,-999,-999,-999,-999,-999,-999,-999,-999,-999,-999,-999,-999,-999,-999,-999,-999,-999,-999,-999,-999,5.56,-999,-999,-999,-999,-999,-999,-999,-999,-999,-999,4.03,2.94,1.84,1.26,0.69,0.78,1.16,1.55,1.79,1.62,1.49,1.17,1.45,2.14,2.45,2.07,1.69,1.65,-999,3.12,-999,-999,3.36,2.39,-999,-999,-999,-999,-999,-999,-999,-999,-999,-999,-999,-999,-999,-999,-999,-999,-999,-999,-999,-999,-999,-999,-999,-999,-999,-999,-999,-999,-999,-999,-999,-999,-999,-999,-999,-999,-999,-999,-999,-999,-999,-999,-999,-999,-999,-999,-999,-999,-999,-999,-999,-999,-999,-999,-999,-999,4.49,4.5,4.34,4.14,-999,-999,3.32,3.25,2.93,3.16,3.06,-999,3.64,3.91,53.75
51.25,4.09,-999,4.43,4.6,4.77,4.89,4.95,4.9,4.78,4.74,4.81,4.92,4.93,4.86,4.85,4.96,4.91,4.7,4.73,4.91,-999,-999,-999,-999,-999,-999,-999,-999,-999,-999,-999,-999,-999,-999,-999,-999,-999,-999,-999,-999,-999,-999,-999,-999,-999,-999,-999,-999,-999,-999,4.59,3.63,2.8,2.28,1.42,1.21,1.45,1.89,2.13,2.45,2.58,1.96,1.81,2.48,2.95,2.74,2.12,2.04,-999,-999,-999,-999,2.66,-999,-999,-999,-999,-999,-999,-999,-999,-999,-999,-999,-999,-999,-999,-999,-999,-999,-999,-999,-999,-999,-999,-999,-999,-999,-999,-999,-999,-999,-999,-999,-999,-999,-999,-999,-999,-999,-999,-999,-999,-999,-999,-999,-999,-999,-999,-999,-999,-999,-999,-999,-999,-999,-999,-999,-999,-999,4.19,4.55,4.35,3.94,-999,3,2.79,3,3.09,3.08,3.11,3.3,3.66,-999,51.25
48.75,3.86,3.91,3.8,3.74,3.77,3.88,3.86,3.78,3.68,3.63,3.69,3.78,3.76,3.69,3.82,4.21,4.6,4.69,4.63,4.62,4.68,-999,-999,-999,-999,-999,-999,-999,-999,-999,-999,-999,-999,-999,-999,-999,-999,-999,-999,-999,-999,-999,-999,-999,-999,-999,-999,4.94,-999,-999,-999,4.89,4.14,3.71,3.43,3.13,3.05,2.58,2.09,2.3,2.72,2.57,2.43,2.85,3.34,3.31,2.77,2.35,2.38,2.6,-999,-999,-999,-999,-999,-999,-999,-999,-999,-999,-999,-999,-999,-999,-999,-999,-999,-999,-999,-999,-999,-999,-999,-999,-999,-999,-999,-999,-999,-999,-999,-999,-999,-999,-999,-999,-999,-999,-999,-999,-999,-999,-999,-999,-999,-999,-999,-999,-999,-999,-999,-999,-999,-999,-999,-999,-999,-999,-999,-999,4.08,4.51,3.93,3.14,2.97,3.12,3.35,3.41,3.38,3.28,3.1,3.02,3.19,3.56,48.75
46.25,3.13,3.22,3.15,3.05,2.92,2.71,2.58,2.54,2.56,2.66,2.74,2.75,2.69,2.76,3.03,3.42,3.89,4.22,4.43,4.52,4.49,4.56,-999,-999,-999,-999,-999,-999,-999,-999,-999,-999,-999,-999,-999,-999,-999,-999,-999,-999,-999,-999,-999,-999,-999,-999,-999,-999,4.59,4.23,4.36,4.84,4.9,4.44,4.39,3.65,2.7,2.06,1.77,2.19,2.7,2.82,2.87,3.2,3.48,3.34,2.9,2.47,2.37,2.65,3,-999,-999,-999,-999,-999,-999,-999,-999,-999,-999,-999,-999,-999,-999,-999,-999,-999,-999,-999,-999,-999,-999,-999,-999,-999,-999,-999,-999,-999,-999,-999,-999,-999,-999,-999,-999,-999,-999,-999,-999,-999,-999,-999,-999,-999,-999,-999,-999,-999,-999,-999,-999,-999,-999,-999,-999,-999,2.97,3.24,4.25,-999,4.06,3.47,3.46,3.53,3.52,3.38,3.11,2.82,2.66,2.7,2.82,2.97,46.25
43.75,2.5,2.48,2.36,2.33,2.34,2.24,2.07,1.94,1.9,1.95,2,1.98,2.08,2.18,2.36,2.65,3.04,3.45,3.76,4.02,4.25,4.47,-999,-999,-999,-999,-999,-999,-999,-999,-999,-999,-999,-999,-999,-999,-999,-999,-999,-999,-999,-999,-999,-999,-999,-999,4.49,4.76,4.42,4.2,4.08,4.35,4.79,5.5,4.64,2.22,1.35,1.81,2.29,2.65,2.87,2.99,3.13,3.29,3.26,2.99,2.58,2.31,-999,-999,-999,-999,-999,-999,-999,-999,-999,-999,-999,-999,-999,-999,-999,-999,3.2,2.89,2.72,-999,-999,-999,-999,-999,-999,-999,-999,-999,-999,-999,-999,-999,-999,-999,-999,-999,-999,-999,-999,-999,-999,-999,-999,-999,-999,-999,-999,-999,-999,-999,-999,-999,-999,-999,-999,-999,-999,-999,-999,2.22,-999,-999,-999,3.69,3.81,3.54,3.32,3.21,3.07,2.7,2.26,2.09,2.22,2.4,2.5,2.48,43.75
41.25,2.04,1.92,1.76,1.66,1.73,1.76,1.62,1.51,1.51,1.52,1.55,1.63,1.73,1.78,1.9,2.18,2.61,3.01,3.34,3.84,4.19,4.09,-999,-999,-999,-999,-999,-999,-999,-999,-999,-999,-999,-999,-999,-999,-999,-999,-999,-999,-999,-999,-999,-999,4.47,3.96,3.47,3.16,3.12,3.16,3.29,3.44,3.69,3.74,2.63,1.72,2.24,2.59,2.6,2.66,2.83,2.97,3.07,3.02,2.86,2.61,2.41,2.36,-999,-999,-999,-999,-999,3.79,3.77,-999,3.69,-999,-999,-999,-999,-999,-999,3.37,-999,-999,-999,-999,-999,-999,-999,-999,-999,-999,-999,-999,-999,-999,-999,-999,-999,-999,-999,-999,-999,-999,-999,-999,-999,-999,-999,-999,-999,-999,-999,-999,-999,-999,-999,-999,-999,-999,-999,-999,4.79,4.37,3.67,4.13,-999,3.32,3.13,3.11,3.08,3.12,3.22,3.27,3.12,2.76,2.43,2.29,2.35,2.33,2.28,2.17,41.25
38.75,1.79,1.67,1.54,1.43,1.44,1.44,1.4,1.4,1.43,1.44,1.46,1.47,1.51,1.48,1.63,2.02,2.45,2.8,3.29,3.86,3.9,3.56,3.63,-999,-999,-999,-999,-999,-999,-999,-999,-999,-999,-999,-999,-999,-999,-999,-999,-999,-999,-999,3.34,1.82,1.53,1.71,1.77,1.77,1.85,2,2.07,2.27,2.51,2.46,2.26,2.29,2.61,2.68,2.61,2.73,-999,3,2.98,2.82,2.64,2.55,2.43,2.39,-999,-999,-999,-999,3.63,3.68,3.65,3.33,3.42,-999,-999,2.99,-999,-999,-999,3.11,-999,-999,-999,-999,-999,-999,-999,-999,-999,-999,-999,-999,-999,-999,-999,-999,-999,-999,-999,-999,-999,-999,-999,-999,-999,-999,-999,-999,-999,-999,-999,-999,-999,-999,-999,-999,-999,-999,-999,-999,5.3,4.36,4,-999,-999,3.92,3.4,3.17,3.06,3.11,3.21,3.35,3.41,3.29,3.12,3,2.79,2.5,2.23,2.01,38.75
36.25,2.14,2.1,2.03,1.91,1.79,1.7,1.72,1.77,1.78,1.74,1.71,1.64,1.6,1.65,1.86,2.15,2.46,2.74,3.21,3.78,3.65,3.29,3.23,-999,-999,-999,-999,-999,-999,-999,-999,-999,-999,-999,-999,-999,-999,-999,-999,-999,-999,-999,2.63,1.48,1.48,1.78,2.02,2.23,2.37,2.34,2.31,2.4,2.56,2.64,2.6,2.57,2.56,2.59,2.64,2.76,2.85,2.86,2.78,2.62,2.5,2.47,2.3,2.18,2.44,-999,-999,-999,3.23,-999,-999,-999,-999,-999,2.34,2.63,2.74,3.13,2.83,2.67,-999,-999,-999,-999,-999,-999,-999,-999,-999,-999,-999,-999,-999,-999,-999,-999,-999,-999,-999,-999,-999,-999,-999,-999,-999,-999,-999,-999,-999,-999,-999,-999,-999,-999,-999,-999,-999,-999,-999,-999,4.57,4.32,-999,-999,-999,4.52,4.63,4.29,4.14,4.03,3.88,3.88,4.02,4.01,3.82,3.6,3.29,2.93,2.57,2.3,36.25
33.75,2.89,2.78,2.67,2.55,2.35,2.17,2.15,2.15,2.11,1.99,1.89,1.76,1.72,1.85,2.08,2.32,2.54,2.73,3.02,3.48,3.54,3.26,3.01,2.82,-999,-999,-999,-999,-999,-999,-999,-999,-999,-999,-999,-999,-999,-999,-999,-999,-999,2.77,2.52,2.63,2.85,3,3.13,3.17,3.15,3.08,2.96,2.83,2.78,2.8,2.76,2.65,2.52,2.47,2.5,2.55,2.56,2.53,2.47,2.42,2.42,2.37,2.1,2.1,2.38,-999,-999,-999,-999,-999,-999,-999,-999,3.51,3.45,3.22,3.48,3.52,3.03,2.79,2.83,2.88,-999,-999,-999,-999,-999,-999,-999,-999,-999,-999,-999,-999,-999,-999,-999,-999,-999,-999,-999,-999,-999,-999,-999,-999,-999,-999,-999,-999,-999,-999,-999,-999,-999,-999,-999,5.46,5.2,4.76,-999,-999,-999,3.83,3.77,3.7,3.67,3.67,3.8,3.92,3.95,4.05,4.17,4.09,3.91,3.73,3.54,3.32,3.15,3.02,33.75
31.25,3.32,3.17,2.98,2.83,2.69,2.57,2.52,2.49,2.42,2.26,2.04,1.84,1.91,2.15,2.33,2.49,2.7,2.94,3.16,3.32,3.39,3.26,2.97,2.59,2.76,-999,-999,-999,-999,-999,-999,-999,-999,-999,-999,-999,-999,-999,-999,-999,2.79,2.73,2.91,2.94,3.14,3.26,3.29,3.29,3.31,3.29,3.23,3.1,3,2.93,2.86,2.76,2.61,2.52,2.4,2.33,2.3,2.24,2.25,2.36,2.42,2.31,2.02,1.94,-999,-999,-999,-999,-999,-999,-999,-999,-999,-999,-999,-999,-999,-999,-999,-999,-999,-999,-999,-999,-999,-999,-999,-999,-999,-999,-999,-999,-999,-999,-999,-999,-999,-999,-999,-999,-999,-999,-999,-999,-999,-999,-999,-999,-999,-999,-999,-999,-999,-999,-999,-999,-999,5.16,4.57,4.3,-999,3.63,3.52,3.43,3.42,3.4,3.38,3.48,3.62,3.74,3.85,3.94,3.9,3.84,3.79,3.7,3.6,3.54,3.51,3.44,31.25
28.75,3.29,3.06,2.87,2.7,2.48,2.31,2.17,2.05,1.99,1.98,2.02,2.15,2.42,2.74,2.95,3.18,3.4,3.48,3.46,3.42,3.32,3.16,2.94,2.62,2.38,2.35,-999,-999,-999,-999,-999,-999,-999,-999,3.38,3.26,3.23,3.23,3.22,-999,2.73,2.75,3.09,3.11,3.25,3.27,3.3,3.26,3.24,3.16,3.08,2.99,2.87,2.79,2.74,2.64,2.45,2.3,2.2,2.2,2.26,2.37,2.48,2.46,2.3,2.03,1.82,-999,-999,-999,-999,-999,-999,-999,-999,-999,-999,-999,-999,-999,-999,-999,-999,-999,-999,-999,-999,-999,-999,-999,-999,-999,-999,-999,-999,-999,-999,-999,-999,-999,-999,-999,-999,-999,-999,-999,-999,-999,-999,-999,-999,-999,-999,-999,-999,-999,-999,-999,-999,-999,-999,4.51,4.18,3.64,3.54,3.45,3.31,3.24,3.29,3.28,3.27,3.32,3.49,3.66,3.73,3.72,3.68,3.67,3.64,3.62,3.59,3.57,3.53,3.45,28.75
26.25,2.99,2.82,2.69,2.58,2.47,2.33,2.19,2.07,2.08,2.31,2.54,2.79,3.14,3.57,3.73,3.63,3.47,3.43,3.32,3.08,2.83,2.73,2.72,2.54,2.19,1.87,-999,-999,-999,-999,-999,-999,-999,3.19,3.06,2.91,2.72,2.79,2.96,-999,2.89,2.5,2.66,2.8,2.84,2.86,2.97,3.02,2.92,2.81,2.71,2.61,2.56,2.54,2.48,2.39,2.34,2.36,2.42,2.52,2.55,2.52,2.43,2.22,2.01,1.7,-999,-999,-999,-999,-999,-999,-999,-999,-999,-999,-999,-999,-999,-999,-999,-999,-999,-999,-999,-999,-999,-999,-999,-999,-999,-999,-999,-999,-999,-999,-999,-999,-999,-999,-999,-999,-999,-999,-999,-999,-999,-999,-999,-999,-999,-999,-999,-999,-999,-999,-999,-999,-999,-999,-999,4.15,3.71,3.49,3.46,3.2,3.15,3.17,3.11,3.12,3.16,3.22,3.33,3.38,3.38,3.43,3.52,3.52,3.45,3.42,3.42,3.4,3.29,3.16,26.25
23.75,2.66,2.58,2.53,2.5,2.47,2.48,2.54,2.6,2.54,2.51,2.74,2.91,3.11,3.14,3.06,2.99,2.96,2.93,2.88,2.78,2.67,2.55,2.49,2.38,2.02,1.58,1.31,-999,2.46,-999,-999,-999,-999,3.18,3,2.74,2.64,2.84,2.93,3.04,3.05,2.68,2.44,2.67,2.67,2.73,2.87,2.8,2.69,2.64,2.56,2.46,2.42,2.38,2.38,2.39,2.36,2.36,2.41,2.42,2.33,2.25,2.14,2.01,1.88,-999,-999,-999,-999,-999,-999,-999,-999,-999,-999,-999,-999,-999,-999,-999,-999,-999,-999,-999,-999,-999,-999,-999,-999,-999,-999,-999,-999,-999,-999,-999,3.16,3.28,3.32,-999,-999,-999,-999,-999,-999,-999,-999,-999,-999,-999,-999,-999,-999,-999,-999,-999,-999,-999,-999,-999,-999,3.77,3.63,3.5,3.23,3.21,3.23,3.21,3.22,3.24,3.21,3.19,3.23,3.27,3.34,3.39,3.37,3.22,3.08,3.1,3.14,3.08,2.9,2.77,23.75
21.25,2.46,2.38,2.37,2.37,2.33,2.35,2.51,2.7,-999,-999,2.66,2.68,2.7,2.73,2.78,2.83,2.82,2.8,2.75,2.67,2.57,2.49,2.45,2.36,2.17,1.8,1.61,1.9,2.36,2.97,-999,-999,-999,3.37,3.29,-999,-999,2.95,2.97,2.97,-999,-999,2.79,2.94,2.8,2.73,2.59,2.62,2.51,2.46,2.42,2.38,2.35,2.33,2.37,2.42,2.43,2.43,2.43,2.36,2.26,2.14,2.06,2.17,2.38,-999,-999,-999,-999,-999,-999,-999,-999,-999,-999,-999,-999,-999,-999,-999,-999,-999,-999,-999,-999,-999,-999,-999,-999,-999,-999,-999,-999,-999,-999,-999,3.05,3.22,3.34,3.66,-999,-999,-999,-999,-999,-999,-999,2.9,2.71,-999,-999,-999,-999,-999,-999,-999,-999,3.82,3.66,3.56,3.78,3.83,3.59,3.41,3.41,3.39,3.37,3.32,3.3,3.33,3.25,3.19,3.18,3.15,3.1,3.06,3.02,2.93,2.84,2.82,2.82,2.79,2.69,2.57,21.25
18.75,2.34,2.31,2.33,2.35,2.34,2.37,2.47,2.61,2.59,-999,2.58,2.62,2.67,2.73,2.76,2.75,2.72,2.68,2.64,2.58,2.5,2.44,2.41,2.32,2.2,2.14,2.09,2.22,2.59,3.07,-999,-999,-999,-999,-999,-999,-999,3.03,3.03,3.12,3.13,3.13,-999,-999,-999,-999,2.85,2.7,2.66,2.61,2.57,2.55,2.51,2.47,2.46,2.51,2.56,2.58,2.54,2.45,2.43,2.5,2.62,2.61,2.53,-999,-999,-999,-999,-999,-999,-999,-999,-999,-999,-999,-999,-999,-999,-999,-999,-999,-999,-999,-999,-999,-999,-999,-999,-999,-999,-999,-999,-999,-999,3.11,3.37,3.63,3.61,3.64,3.49,-999,-999,-999,-999,-999,2.92,2.75,2.8,-999,-999,-999,-999,-999,-999,-999,-999,3.63,3.53,3.54,-999,3.7,3.53,3.47,3.49,3.46,3.35,3.23,3.11,3.02,2.94,2.91,2.87,2.84,2.78,2.72,2.67,2.68,2.66,2.63,2.55,2.48,2.45,2.4,18.75
16.25,2.31,2.3,2.34,2.37,2.39,2.41,2.47,2.51,2.57,2.71,2.82,2.88,2.94,3,3.01,2.97,2.91,2.83,2.73,2.68,2.64,2.53,2.33,2.16,2.16,2.22,2.25,2.38,2.7,3.21,3.55,3.68,3.79,-999,-999,-999,-999,-999,-999,3.04,3.13,3.06,3.01,3.03,3.09,3.11,2.98,2.86,2.83,2.8,2.72,2.74,2.82,2.81,2.79,2.78,2.84,2.92,3,3.05,3.08,3.12,-999,3.01,2.76,-999,-999,-999,-999,-999,-999,-999,-999,-999,-999,-999,-999,-999,-999,-999,-999,-999,-999,-999,-999,-999,-999,-999,-999,-999,-999,-999,-999,3.32,3.35,3.58,3.9,4.11,3.98,3.72,3.42,-999,-999,-999,-999,3.09,2.96,3.03,2.99,-999,-999,-999,-999,-999,-999,-999,3.77,3.81,3.67,3.63,-999,3.58,3.4,3.31,3.36,3.31,3.16,3.03,2.96,2.88,2.8,2.76,2.72,2.7,2.68,2.68,2.65,2.57,2.5,2.44,2.39,2.35,2.35,2.34,16.25
13.75,2.3,2.29,2.31,2.37,2.41,2.48,2.57,2.67,2.78,2.87,2.92,2.95,3.02,3.13,3.21,3.21,3.12,3.02,2.96,2.94,2.88,2.74,2.59,2.51,2.65,2.79,2.79,2.78,2.95,3.29,3.65,3.8,3.79,3.79,3.88,-999,-999,-999,-999,2.94,3.02,3.09,3,2.96,3.06,3.06,2.98,2.95,3.03,3.09,3.02,2.91,2.92,3,3.04,3.07,3.11,3.16,3.25,3.35,3.42,3.48,3.42,3.35,3.03,-999,-999,-999,-999,-999,-999,-999,-999,-999,-999,-999,-999,-999,-999,-999,-999,-999,-999,-999,-999,-999,-999,-999,-999,-999,-999,-999,3.6,3.52,3.63,3.83,4.06,4.17,4.03,3.85,3.6,-999,-999,-999,3.28,3.22,3.06,3.07,3.03,2.81,2.77,-999,-999,-999,-999,-999,4.02,4,3.8,3.78,-999,-999,3.23,2.89,2.82,2.78,2.69,2.62,2.62,2.64,2.62,2.61,2.61,2.59,2.57,2.56,2.53,2.49,2.44,2.41,2.38,2.33,2.31,2.31,13.75
11.25,2.07,2.07,2.09,2.14,2.23,2.3,2.33,2.38,2.46,2.53,2.57,2.59,2.62,2.69,2.79,2.84,2.84,2.83,2.83,2.86,2.87,2.84,2.87,2.97,3.13,3.3,3.44,3.53,3.67,3.84,3.95,3.94,3.91,3.94,4.01,4.04,4.13,-999,-999,3.06,3.08,-999,-999,-999,-999,-999,-999,-999,3,3.23,3.26,3.17,3.11,3.11,3.15,3.23,3.32,3.39,3.44,3.51,3.59,3.65,3.61,3.49,3.35,-999,-999,-999,-999,-999,-999,-999,-999,-999,-999,-999,-999,-999,-999,-999,-999,-999,-999,-999,-999,-999,-999,-999,-999,-999,-999,-999,-999,3.91,4.08,4.17,4.06,4.05,3.99,3.9,3.73,3.65,-999,-999,3.44,3.42,3.27,3.24,3.23,3.2,3.02,-999,-999,-999,-999,-999,4.1,4.11,3.96,3.94,4.01,-999,-999,2.72,2.55,2.35,2.21,2.16,2.09,2.06,2.07,2.1,2.13,2.18,2.21,2.23,2.24,2.23,2.16,2.12,2.13,2.15,2.12,2.08,11.25
8.75,1.87,1.92,1.98,2.02,2.08,2.19,2.31,2.42,2.52,2.61,2.66,2.68,2.71,2.78,2.82,2.86,2.91,2.93,2.93,2.91,2.89,2.91,2.99,3.18,3.34,3.42,3.68,3.98,4.08,4.06,3.99,3.95,3.92,4.03,4.19,4.29,4.23,4.29,-999,-999,-999,-999,-999,-999,-999,-999,-999,-999,-999,2.77,3.29,3.51,3.47,3.36,3.34,3.35,3.48,3.57,3.59,3.63,3.71,3.72,3.63,3.62,3.71,3.8,3.74,-999,-999,-999,-999,-999,-999,-999,-999,-999,-999,-999,-999,-999,-999,-999,-999,-999,-999,-999,-999,-999,-999,-999,-999,-999,3.7,4.02,4.15,4.14,4.18,4.29,4.23,4.06,3.87,3.82,3.75,-999,-999,3.41,3.37,3.46,3.58,3.65,3.3,-999,3.4,3.44,-999,4.4,4.33,4.16,3.89,3.74,3.85,-999,-999,2.8,2.8,2.67,2.29,2.01,1.94,1.8,1.66,1.65,1.65,1.71,1.78,1.82,1.84,1.86,1.97,2,1.91,1.84,1.83,1.86,8.75
6.25,2.04,2.08,2.18,2.33,2.51,2.68,2.82,2.96,3.09,3.18,3.23,3.26,3.34,3.43,3.54,3.64,3.67,3.66,3.62,3.57,3.51,3.49,3.55,3.68,3.79,3.8,3.81,3.97,4.13,4.2,4.18,4.09,4.06,4.02,4.01,3.98,3.92,3.84,3.83,3.74,3.55,-999,-999,-999,-999,-999,-999,-999,-999,2.83,3.23,3.48,3.91,3.75,3.66,3.64,3.74,3.88,3.96,3.94,3.9,3.83,3.73,3.71,3.79,3.78,3.64,-999,-999,-999,-999,-999,-999,-999,-999,-999,-999,-999,-999,-999,-999,-999,-999,-999,-999,-999,-999,-999,-999,-999,-999,-999,3.56,3.75,4.06,4.12,4.22,4.29,4.22,4.1,3.98,3.88,3.74,3.63,-999,3.47,3.36,3.34,3.58,3.52,3.15,2.93,-999,3.89,4.13,4.38,4.48,3.91,-999,3.47,3.5,-999,-999,2.84,2.58,2.48,2.43,2.14,1.99,1.86,1.82,1.75,1.74,1.73,1.77,1.78,1.79,1.85,1.9,1.95,1.96,1.94,1.97,2,6.25
3.75,2.45,2.66,2.85,3.02,3.15,3.25,3.33,3.47,3.56,3.59,3.74,3.91,4.05,4.16,4.24,4.31,4.31,4.31,4.31,4.35,4.35,4.36,4.42,4.44,4.44,4.36,4.29,4.24,4.25,4.3,4.29,4.16,4.08,4.18,4.17,4.1,4.09,4.03,3.85,3.67,3.43,-999,-999,-999,-999,-999,-999,-999,-999,-999,-999,-999,3.82,3.84,3.87,3.8,3.85,4.04,4.18,4.22,4.14,4.05,3.96,3.88,3.83,3.75,3.62,3.55,3.47,3.36,3.3,3.18,3.13,3.23,3.39,-999,-999,-999,-999,-999,-999,-999,-999,-999,-999,-999,-999,-999,-999,-999,-999,3.3,3.49,3.72,4.01,4.06,4.05,4.01,3.89,3.76,3.74,3.74,3.74,3.68,3.66,3.59,3.49,3.47,3.6,3.4,-999,-999,-999,-999,4.32,4.5,4.06,-999,-999,3.05,2.72,2.36,1.95,1.32,1.65,2.15,2.45,2.36,2.13,1.96,2.01,2.09,2.07,2.05,2.04,2.08,2.11,2.09,2.06,2.04,2.03,2.05,2.13,2.25,3.75
1.25,2.86,3,3.14,3.25,3.29,3.29,3.39,3.54,3.66,3.8,3.9,4.02,4.12,4.21,4.24,4.34,4.44,4.5,4.64,4.78,4.9,5.03,5.05,5.01,5.05,5.08,4.99,4.95,4.91,4.91,4.89,4.78,4.66,4.55,4.59,4.67,4.43,4.22,4.04,3.76,-999,-999,-999,-999,-999,-999,-999,-999,-999,-999,-999,-999,3.69,3.9,3.93,3.89,3.92,4.12,4.37,4.38,4.21,4.09,4.02,3.92,3.82,3.72,3.59,3.46,3.37,3.36,3.37,3.33,3.28,3.3,3.36,-999,-999,-999,-999,-999,-999,-999,-999,-999,-999,-999,-999,-999,-999,-999,3.23,3.48,3.5,3.61,3.73,3.73,3.62,3.5,3.39,3.29,3.24,3.2,3.21,3.28,3.39,3.5,3.57,3.54,3.44,3.32,3.13,-999,-999,-999,4.13,-999,-999,-999,-999,2.97,-999,-999,3.35,-999,3.26,2.99,2.58,2.27,2.15,2.15,2.16,2.18,2.22,2.24,2.23,2.23,2.26,2.13,2.01,2.05,2.2,2.25,2.46,2.7,1.25
-1.25,3.18,3.26,3.3,3.33,3.37,3.42,3.46,3.5,3.6,3.69,3.79,3.85,3.93,4.05,4.14,4.24,4.36,4.4,4.5,4.61,4.71,4.82,4.93,5,5.08,5.14,5.19,5.17,5.21,5.25,5.28,5.29,5.15,4.96,5.04,-999,4.62,4.35,3.88,-999,-999,-999,-999,-999,-999,-999,-999,-999,-999,-999,-999,-999,-999,-999,3.85,4.04,4.11,4.15,4.15,4.12,4.01,4.01,4.03,3.99,3.89,3.82,3.73,3.61,3.51,3.48,3.53,3.52,3.49,3.48,3.49,-999,-999,-999,-999,-999,-999,-999,-999,-999,-999,-999,-999,-999,-999,3.19,3.3,3.31,3.35,3.25,3.22,3.22,3.2,3.11,3,2.94,2.96,2.97,3.04,3.18,3.31,3.37,3.41,3.45,3.41,3.3,3.19,3.03,-999,-999,-999,-999,-999,-999,-999,2.94,-999,3.45,3.34,3.14,-999,-999,-999,2.38,2.14,2.18,2.23,2.31,2.35,2.32,2.3,2.25,2.29,2.34,2.42,2.49,2.63,2.74,2.87,3.04,-1.25
-3.75,3.23,3.33,3.37,3.4,3.42,3.48,3.44,3.41,3.47,3.51,3.49,3.54,3.65,3.72,3.74,3.78,3.84,3.87,3.94,3.96,3.99,4.04,4.02,4.09,4.2,4.28,4.31,4.3,4.3,4.27,4.24,4.29,4.36,4.31,4.21,4.23,4.29,4.26,4.06,-999,-999,-999,-999,-999,-999,-999,-999,-999,-999,-999,-999,-999,-999,-999,-999,-999,-999,3.77,3.9,3.99,3.99,3.98,3.91,3.88,3.83,3.77,3.72,3.62,3.52,3.48,3.49,3.46,3.43,3.43,3.49,3.52,-999,-999,-999,-999,-999,-999,-999,-999,-999,-999,-999,-999,3.18,3.45,3.35,3.26,3.35,3.42,3.31,3.22,3.21,3.14,3.01,2.93,2.92,2.87,2.87,2.93,3.03,3.1,3.18,3.25,3.29,3.32,3.19,3.06,2.93,-999,-999,3.25,3.47,-999,-999,3.34,-999,3.27,-999,-999,2.87,-999,-999,-999,-999,-999,2.07,2.2,2.22,2.15,2.05,2.13,2.26,2.32,2.45,2.63,2.83,2.96,3.04,3.13,-3.75
-6.25,2.8,2.86,2.9,2.95,2.99,3.02,3.05,3.09,3.13,3.14,3.19,3.24,3.26,3.27,3.3,3.34,3.39,3.4,3.4,3.44,3.46,3.45,3.45,3.49,3.53,3.53,3.49,3.47,3.46,3.44,3.44,3.48,3.53,3.52,3.51,3.46,3.5,3.79,4.1,-999,-999,-999,-999,-999,-999,-999,-999,-999,-999,-999,-999,-999,-999,-999,-999,-999,-999,-999,3.76,3.86,3.87,3.73,3.63,3.57,3.49,3.49,3.55,3.53,3.46,3.44,3.42,3.34,3.25,3.2,3.3,3.45,3.48,-999,-999,-999,-999,-999,-999,-999,-999,-999,-999,-999,2.98,3.06,3.04,3.01,3.22,3.38,3.31,3.12,3.05,3.05,2.99,2.82,2.71,2.65,2.6,2.59,2.6,2.69,2.81,2.93,2.98,3.03,3.03,3.06,3.05,-999,-999,-999,-999,-999,3.23,3.72,3.69,3.65,3.33,3.1,3.05,-999,2.92,-999,-999,-999,-999,1.99,2.06,2.23,-999,1.96,1.98,2.15,2.28,2.36,2.51,2.56,2.59,2.69,-6.25
-8.75,2.44,2.45,2.46,2.47,2.47,2.49,2.51,2.55,2.56,2.62,2.67,2.7,2.72,2.75,2.78,2.79,2.8,2.81,2.84,2.87,2.89,2.91,2.94,2.95,2.96,2.99,2.97,2.96,2.98,3.01,3.01,2.97,2.98,3.07,3.12,3.03,3,3.26,3.82,4.22,-999,-999,-999,-999,-999,-999,-999,-999,-999,-999,-999,-999,-999,-999,-999,-999,-999,-999,3.67,3.67,3.63,3.54,3.46,3.39,3.33,3.36,3.43,3.44,3.43,3.47,3.49,3.41,3.3,3.21,3.2,3.42,3.53,-999,-999,-999,-999,-999,-999,-999,-999,-999,-999,-999,2.93,2.97,2.99,3.05,3.13,3.14,2.99,2.83,2.83,2.84,2.78,2.64,2.56,2.54,2.46,2.39,2.38,2.47,2.5,2.52,2.6,2.68,2.76,2.81,2.85,2.8,2.68,2.75,-999,-999,-999,-999,-999,3.55,-999,3.4,3.29,3.14,2.93,-999,-999,-999,-999,-999,1.65,2.24,2.5,-999,-999,1.96,2.15,2.21,2.28,2.37,2.38,2.41,-8.75
-11.25,2.11,2.12,2.09,2.08,2.09,2.1,2.1,2.14,2.16,2.18,2.21,2.24,2.28,2.32,2.32,2.32,2.31,2.32,2.33,2.36,2.39,2.41,2.41,2.42,2.47,2.51,2.51,2.52,2.53,2.55,2.56,2.53,2.57,2.7,2.79,2.85,2.89,3.12,3.32,3.86,4.42,-999,-999,-999,-999,-999,-999,-999,-999,-999,-999,-999,-999,-999,-999,-999,-999,3.44,3.61,3.54,3.5,3.48,3.41,3.33,3.28,3.27,3.29,3.3,3.31,3.34,3.4,3.42,3.34,3.23,3.25,3.43,3.56,-999,-999,-999,-999,-999,-999,-999,-999,-999,-999,-999,-999,3.07,3.13,3.07,3.05,2.92,2.83,2.77,2.75,2.67,2.54,2.46,2.42,2.4,2.38,2.33,2.29,2.23,2.15,2.09,2.14,2.24,2.38,2.55,2.75,2.9,2.98,3.13,3.27,3.31,3.46,3.6,3.49,3.67,3.6,3.65,3.53,-999,-999,2.91,2.56,2.24,1.99,1.87,1.72,2.16,2.22,1.85,1.7,1.65,1.6,1.72,1.94,2.07,2.08,2.08,-11.25
-13.75,1.83,1.87,1.87,1.86,1.86,1.86,1.85,1.86,1.86,1.85,1.86,1.9,1.95,1.99,1.99,1.98,1.98,1.97,1.97,1.98,2,2.01,2.01,1.98,1.99,2.03,2.07,2.07,2.08,2.09,2.11,2.19,2.29,2.35,2.38,2.44,2.5,2.69,3.07,3.4,4.23,-999,-999,-999,-999,-999,-999,-999,-999,-999,-999,-999,-999,-999,-999,-999,-999,3.6,3.56,3.58,3.57,3.51,3.45,3.39,3.37,3.33,3.28,3.26,3.25,3.22,3.25,3.29,3.26,3.18,3.23,3.33,3.54,-999,-999,-999,-999,-999,-999,-999,-999,-999,-999,-999,-999,2.86,3,-999,3.14,2.99,2.97,2.87,2.76,2.66,2.56,2.43,2.33,2.28,2.21,2.13,2.04,1.93,1.79,1.74,1.8,1.95,2.15,2.42,2.7,2.98,3.27,3.52,3.76,3.89,3.95,3.91,3.95,4.03,-999,-999,-999,-999,-999,3.27,-999,-999,1.91,1.87,1.83,1.94,1.92,1.86,1.77,1.74,1.75,1.32,1.65,1.76,1.75,1.75,-13.75
-16.25,1.26,1.44,1.49,1.55,1.56,1.57,1.58,1.6,1.61,1.59,1.6,1.65,1.7,1.72,1.73,1.7,1.7,1.72,1.72,1.7,1.68,1.67,1.66,1.64,1.63,1.64,1.67,1.67,1.7,1.77,1.84,1.83,1.82,1.85,1.91,1.98,2.02,2.06,2.48,3.13,3.71,4.31,-999,-999,-999,-999,-999,-999,-999,-999,-999,-999,-999,-999,-999,-999,-999,3.54,3.59,3.66,3.59,3.53,3.52,3.51,3.49,3.43,3.39,3.33,3.28,3.25,3.24,3.24,3.18,3.08,3.06,3.15,3.34,-999,-999,-999,-999,-999,-999,-999,-999,-999,-999,-999,2.78,-999,-999,-999,3.03,2.94,2.94,2.84,2.73,2.69,2.63,2.46,2.29,2.17,2.06,1.93,1.81,1.74,1.72,1.78,1.85,1.95,2.07,2.25,2.44,2.66,2.97,3.33,3.67,3.89,4.06,4.13,4.14,-999,-999,-999,-999,-999,-999,-999,-999,-999,-999,2.09,2.18,2.16,2.1,2.09,2.11,2.13,2.06,-999,1.35,1.63,1.58,-999,-16.25
-18.75,1.19,1.12,1.18,1.11,1.05,1.08,1.09,1.16,1.26,1.33,1.35,1.39,1.46,1.5,1.49,1.46,1.42,1.4,1.4,1.4,1.39,1.39,1.4,1.34,1.29,1.23,1.15,1.08,1,0.92,0.9,0.96,1.05,1.14,1.3,1.59,1.73,1.61,1.6,2.13,2.87,3.58,4,-999,-999,-999,-999,-999,-999,-999,-999,-999,-999,-999,-999,-999,-999,3.3,3.46,3.65,3.68,3.62,3.61,3.63,3.6,3.54,3.5,3.5,3.45,3.37,3.31,3.22,3.11,2.97,2.95,3,3.2,-999,-999,-999,-999,-999,-999,-999,-999,-999,-999,2.79,2.79,-999,-999,-999,2.74,2.67,2.75,2.76,2.63,2.59,2.56,2.48,2.41,2.31,2.16,2.01,1.93,1.89,1.87,1.87,1.88,1.89,1.94,2.01,2.08,2.07,2.12,2.44,2.93,3.51,3.75,3.77,-999,-999,-999,-999,-999,-999,-999,-999,-999,-999,-999,2.24,2.37,2.46,2.4,2.3,2.4,2.6,2.4,-999,1.45,1.59,1.73,-999,-18.75
-21.25,1.84,1.66,1.58,1.41,1.16,1.11,1.1,1.07,1.06,1.09,1.08,1.03,1.05,1.06,1.12,1.21,1.26,1.26,1.22,1.19,1.22,1.31,1.31,1.28,1.26,1.24,1.18,1.15,1.15,1.14,1.09,1.04,1.02,0.99,0.97,1.08,1.32,1.41,1.34,1.4,1.7,2.32,3.37,3.67,-999,-999,-999,-999,-999,-999,-999,-999,-999,-999,-999,-999,3.05,2.89,3.04,3.19,3.33,3.42,3.43,3.46,3.47,3.5,3.51,3.45,3.33,3.16,3.03,2.99,2.94,2.82,2.73,2.81,2.97,-999,-999,-999,-999,-999,-999,-999,-999,-999,-999,2.6,2.63,-999,-999,2.78,2.49,2.42,2.53,2.65,2.64,2.58,2.51,2.43,2.36,2.33,2.3,2.21,2.09,2.02,1.95,1.93,1.97,1.91,1.78,1.72,1.71,1.58,1.48,1.75,2.43,-999,-999,-999,-999,-999,-999,-999,-999,-999,-999,-999,-999,-999,-999,-999,2.57,2.65,2.81,2.74,2.78,-999,-999,1.71,2.13,2.17,2.22,2.11,-21.25
-23.75,2.16,2.1,2.06,1.92,1.72,1.64,1.63,1.55,1.46,1.44,1.4,1.27,1.22,1.25,1.28,1.26,1.21,1.15,1.04,0.94,0.96,1.08,1.19,1.25,1.28,1.34,1.3,1.24,1.28,1.3,1.25,1.2,1.24,1.27,1.21,1.16,1.17,1.24,1.31,1.66,2.15,2.07,2.76,-999,-999,-999,-999,-999,-999,-999,-999,-999,-999,-999,2.29,2.59,2.43,2.27,2.28,2.34,2.46,2.58,2.69,2.8,2.92,3.04,3.16,3.23,3.21,3.07,2.86,2.72,2.64,2.62,2.59,2.64,2.84,-999,-999,-999,-999,-999,-999,-999,-999,-999,-999,2.27,2.39,-999,-999,2.51,2.24,2.2,2.29,2.47,2.52,2.55,2.57,2.54,2.45,2.35,2.3,2.29,2.15,2,1.88,1.8,1.88,1.89,1.65,1.6,1.43,1.17,0.8,0.98,1.76,-999,-999,-999,-999,-999,-999,-999,-999,-999,-999,-999,-999,-999,-999,-999,-999,2.74,3.03,2.98,2.95,2.83,3.05,2.46,2.42,2.58,2.56,2.36,-23.75
-26.25,2.3,2.18,2.18,2.08,1.99,2.01,2.06,2.01,1.89,1.82,1.75,1.58,1.44,1.47,1.5,1.45,1.39,1.36,1.32,1.19,1.05,1,1.03,1.01,1.03,1.08,1.15,1.16,1.14,1.13,1.11,1.11,1.22,1.27,1.22,1.2,1.15,1.1,1.06,1.67,2.22,2.23,2.66,-999,-999,-999,-999,-999,-999,-999,-999,-999,-999,1.9,1.97,1.88,1.66,1.57,1.52,1.48,1.55,1.64,1.76,1.89,1.99,2.14,2.34,2.58,2.77,2.9,2.91,2.77,2.59,2.43,2.31,2.42,2.7,2.78,-999,-999,-999,-999,-999,-999,-999,2.01,1.92,1.67,1.91,2.08,-999,2.08,2.1,2.12,2.19,2.34,2.41,2.5,2.58,2.62,2.55,2.41,2.36,2.41,2.34,2.2,2.02,1.84,1.84,1.87,1.7,1.59,1.42,1.05,0.78,0.74,1.15,-999,-999,-999,-999,-999,-999,-999,-999,-999,-999,-999,-999,-999,-999,-999,-999,2.74,3.2,3.21,3.21,3.18,3.1,2.9,2.9,2.92,2.8,2.54,-26.25
-28.75,2.47,2.39,2.32,2.24,2.17,2.19,2.22,2.19,2.13,2.08,2.02,1.91,1.8,1.74,1.67,1.56,1.47,1.45,1.43,1.37,1.3,1.29,1.28,1.18,1.07,1.01,1.08,1.21,1.25,1.18,1.08,1.02,1.06,1.11,1.16,1.2,1.17,1.16,1.14,1.27,2.15,2.41,2.73,-999,-999,-999,-999,-999,-999,-999,-999,-999,-999,1.67,1.42,1.34,1.1,0.97,0.94,0.85,0.91,1.02,1.1,1.2,1.28,1.39,1.55,1.78,2.02,2.29,2.63,2.89,2.89,2.68,2.4,2.17,2.2,2.3,-999,-999,-999,-999,-999,-999,-999,1.81,1.23,1.33,1.45,1.44,1.49,1.58,1.69,1.72,1.84,2.02,2.18,2.32,2.38,2.44,2.53,2.58,2.62,2.57,2.49,2.44,2.4,2.35,2.28,2.17,1.99,1.78,1.6,1.25,0.65,0.5,0.92,-999,-999,-999,-999,-999,-999,-999,-999,-999,-999,-999,-999,-999,-999,-999,-999,2.77,3.07,3.09,3.1,3.1,3.05,3,2.94,2.85,2.67,2.54,-28.75
-31.25,2.08,2.09,2.16,2.18,2.16,2.17,2.25,2.3,2.23,2.14,2.09,2.02,1.95,1.85,1.73,1.57,1.47,1.44,1.39,1.33,1.31,1.37,1.42,1.36,1.33,1.35,1.43,1.56,1.63,1.6,1.44,1.29,1.13,1.13,1.19,1.17,1.13,1.17,1.34,1.34,1.6,2.56,2.82,-999,-999,-999,-999,-999,-999,-999,-999,-999,1.76,1.35,0.83,1.14,1.09,0.93,0.66,0.41,0.42,0.55,0.65,0.79,0.91,1.06,1.29,1.44,1.55,1.75,2.03,2.38,2.77,3,2.78,2.4,2.08,1.98,1.83,-999,-999,-999,-999,-999,1.56,1.58,0.93,1.09,1.02,0.94,1.01,1.21,1.34,1.28,1.36,1.53,1.75,1.99,2.09,2.18,2.36,2.55,2.6,2.54,2.49,2.51,2.49,2.45,2.41,2.31,2.15,1.99,1.83,1.72,1.4,0.68,0.32,0.83,-999,-999,-999,-999,-999,-999,-999,-999,-999,-999,-999,-999,-999,-999,-999,2.87,2.84,2.84,2.87,2.92,2.89,2.86,2.84,2.81,2.62,2.28,-31.25
-33.75,1.96,1.73,1.71,1.71,1.66,1.64,1.74,1.85,1.89,1.87,1.83,1.78,1.71,1.62,1.52,1.41,1.29,1.24,1.25,1.25,1.27,1.31,1.38,1.41,1.42,1.48,1.65,1.84,1.93,1.92,1.81,1.72,1.56,1.48,1.46,1.32,1.18,1.2,1.32,1.44,1.46,2.36,2.8,-999,-999,-999,-999,-999,-999,-999,-999,1.74,1.55,0.44,0.59,0.7,0.67,0.68,0.66,0.58,0.57,0.68,0.67,0.55,0.54,0.62,0.86,1.36,1.66,1.78,2.04,2.41,2.94,3.41,3.39,2.99,2.49,1.96,1.63,-999,-999,-999,-999,1.48,1.02,0.33,0.14,0.04,0.1,0.24,0.43,0.64,0.71,0.77,0.84,0.85,0.94,1.24,1.58,1.82,2.05,2.23,2.3,2.3,2.28,2.3,2.34,2.36,2.38,2.31,2.17,2.01,1.84,1.67,1.46,1.25,0.78,0.16,-999,-999,-999,-999,1.86,1.75,1.79,-999,-999,-999,-999,-999,-999,-999,-999,4.22,3.62,3.9,4.12,4.11,3.36,2.92,2.8,2.66,2.78,2.42,-33.75
-36.25,2.19,1.66,1.42,1.38,1.25,1.07,1.04,1.2,1.37,1.46,1.44,1.4,1.32,1.25,1.19,1.16,1.1,1.07,1.12,1.19,1.25,1.31,1.37,1.42,1.47,1.55,1.72,2.02,2.23,2.26,2.17,2.09,2.05,2,1.93,1.79,1.62,1.46,1.39,1.43,1.52,1.97,2.92,-999,-999,-999,-999,-999,-999,-999,1.6,1.76,1.28,1.41,1.68,1.45,1.2,1.11,1.12,1.2,1.36,1.65,1.9,1.85,1.66,1.58,1.01,0.47,1.15,1.73,1.97,2.17,2.64,3.55,4.17,4.2,3.81,2.93,2.4,2.11,1.98,1.76,1.34,0.6,-0.66,-0.56,-0.42,-0.44,-0.51,-0.52,-0.45,-0.22,-0.02,0.17,0.46,0.6,0.52,0.52,0.76,1.08,1.43,1.75,1.95,1.92,1.77,1.77,1.88,1.92,1.9,1.85,1.87,1.87,1.69,1.46,1.18,1.12,1.09,0.94,1.23,1.43,1.44,1.41,1.2,1.09,1.13,1.34,1.71,-999,-999,-999,-999,-999,4.75,6.07,5.37,4.09,3.84,3.57,3.07,2.77,2.37,-999,-999,2.58,-36.25
-38.75,2.35,1.89,1.4,1.21,1.11,0.88,0.45,0.35,0.62,0.9,1,1,0.99,1.01,1.02,1.03,1.02,1.05,1.13,1.23,1.33,1.44,1.57,1.61,1.6,1.63,1.76,2.06,2.37,2.53,2.51,2.36,2.29,2.31,2.31,2.22,2.06,1.88,1.65,1.51,1.53,1.63,-999,-999,-999,-999,-999,-999,-999,1.62,2.37,2.42,3.44,3.55,3.01,2.68,2.41,2.23,2.17,2.29,2.55,2.84,3.15,3.37,3.57,4.05,3.4,1.85,0.97,1.28,1.84,2.04,2.06,2.26,2.9,3.54,4.19,4.83,3.95,2.8,2.11,1.49,1.01,0.78,0.88,1.1,0.91,0.75,0.72,0.25,-0.47,-0.72,-0.7,-0.47,-0.01,0.48,0.72,0.66,0.55,0.65,0.99,1.44,1.92,2.19,2.01,1.82,1.74,1.7,1.6,1.42,1.29,1.34,1.35,1.24,0.96,0.67,0.54,0.46,0.39,0.31,0.28,0.36,0.43,0.54,0.73,0.98,1.16,1.33,1.5,-999,-999,-999,4.1,3.52,3.39,3.55,3.46,3.24,2.93,2.56,2.3,-999,-999,2.75,-38.75
-41.25,4.45,3.85,3.38,2.54,2.23,2.05,1.08,0.01,-0.11,0.32,0.68,0.81,0.88,0.92,0.97,1.01,1.05,1.12,1.22,1.31,1.4,1.55,1.74,1.83,1.78,1.75,1.85,2.06,2.26,2.48,2.69,2.7,2.59,2.52,2.48,2.38,2.26,2.13,1.92,1.75,1.71,1.8,-999,-999,-999,-999,-999,1.2,1.26,1.94,3.37,3.52,2.29,1.4,1.3,1.32,1.26,1.17,1.15,1.36,1.71,2.15,2.63,2.86,3.02,2.66,2.43,2.36,1.22,1.18,1.63,2.07,2.13,2.01,2.05,2.21,2.36,2.44,2.61,2.98,3.33,3.26,2.8,2.3,1.98,1.85,1.86,2.19,2.71,2.85,2.14,1.39,0.89,0.72,0.56,0.66,1.02,1.16,1.04,0.83,0.83,1.24,1.9,2.44,2.51,2.44,2.35,2.19,2.08,1.95,1.65,1.33,1.15,1.09,1.03,0.85,0.47,0.08,-0.06,0.06,0.21,0.35,0.45,0.54,0.64,0.84,1.11,1.23,1.14,-999,-999,-999,4.12,2.68,2.6,2.89,2.87,2.74,2.59,2.38,-999,-999,-999,4.42,-41.25
-43.75,1.53,1.83,2.7,2.48,1.92,1.82,1.54,0.29,-0.38,0.01,0.52,0.77,0.89,0.96,1.02,1.08,1.16,1.27,1.39,1.51,1.58,1.66,1.78,1.88,1.9,1.91,2.04,2.21,2.27,2.35,2.55,2.72,2.77,2.71,2.59,2.43,2.35,2.32,2.15,1.9,1.79,1.95,-999,-999,-999,-999,1.23,1.21,1.08,0.82,0.77,0.78,0.77,0.78,0.77,0.73,0.65,0.54,0.43,0.38,0.45,0.65,1.07,1.6,1.73,1.53,1.04,0.79,1.01,1.11,1.36,1.83,2.12,2.1,2.03,2.05,2.05,2.05,1.98,1.88,1.84,1.86,1.9,1.91,1.95,1.98,1.92,1.69,1.5,1.53,1.63,1.69,1.92,1.92,1.21,0.86,1.07,1.38,1.66,1.58,1.45,1.56,1.88,2.35,2.77,2.86,2.73,2.38,2.03,1.93,1.88,1.76,1.57,1.41,1.29,1.21,1.06,0.74,0.31,0.07,0.02,0.11,0.33,0.56,0.7,0.78,0.9,1.12,1.36,1.39,-999,3.02,2.84,1.96,1.96,2.24,2.33,2.41,2.42,-999,-999,1.66,1.59,1.7,-43.75
-46.25,0.73,1.01,1.24,1.16,0.99,0.96,0.7,-0.02,-0.59,-0.12,0.52,0.83,0.96,1.05,1.13,1.25,1.36,1.48,1.6,1.7,1.78,1.84,1.91,2.02,2.1,2.2,2.41,2.55,2.49,2.4,2.43,2.58,2.72,2.77,2.69,2.52,2.41,2.4,2.28,1.98,1.76,1.97,-999,-999,-999,-999,1.4,1.31,0.97,0.49,0.45,0.56,0.58,0.57,0.54,0.47,0.4,0.33,0.26,0.17,0.17,0.22,0.36,0.69,1,1.08,1.11,1.22,1.29,1.32,1.4,1.75,1.97,2.05,2.07,2.16,2.01,1.89,1.86,1.79,1.78,1.74,1.58,1.54,1.67,1.64,1.43,1.24,1.19,1.27,1.35,1.4,1.51,1.51,1.26,1.19,1.74,2.29,2.42,2.36,2.51,2.96,2.97,3.09,3.15,3.12,2.9,2.42,2.04,2,2.2,2.24,2.11,1.85,1.58,1.48,1.44,1.31,1.01,0.65,0.33,0.16,0.18,0.33,0.58,0.79,0.87,0.89,1.11,1.63,2.19,2.47,2.2,1.86,1.78,1.83,1.87,2,2.05,-999,-999,1.12,0.82,0.67,-46.25
-48.75,0.48,0.59,0.71,0.8,0.74,0.5,-0.11,-0.89,-1.11,-0.46,0.32,0.79,1.02,1.13,1.24,1.39,1.59,1.75,1.85,1.94,2.03,2.12,2.21,2.29,2.36,2.44,2.61,2.72,2.69,2.61,2.57,2.57,2.6,2.64,2.62,2.53,2.44,2.36,2.24,2.01,1.77,-999,-999,-999,-999,-999,1.5,1.32,1.06,0.9,0.33,0.15,0.25,0.27,0.22,0.12,0.13,0.24,0.29,0.29,0.36,0.46,0.5,0.56,0.64,0.72,0.93,1.25,1.52,1.62,1.63,1.67,1.69,1.64,1.57,1.58,1.64,1.67,1.64,1.6,1.59,1.54,1.37,1.15,1.07,1.05,1.05,1.09,1.15,1.15,1.14,1.19,1.28,1.48,1.86,2.06,2.17,2.22,2.21,-999,2.08,2.42,2.72,2.66,2.69,2.78,2.76,2.55,2.3,2.24,2.33,2.45,2.55,2.51,2.41,2.31,2.2,2.07,1.84,1.47,1.14,0.9,0.69,0.55,0.72,0.97,1.12,1.05,0.91,1.02,1.18,1.3,1.45,1.55,1.55,1.52,1.53,1.54,1.59,1.42,0.88,0.6,0.5,0.44,-48.75
-51.25,0.36,0.48,0.69,0.69,0.44,-0.28,-1.41,-2.04,-1.72,-0.85,-0.13,0.38,0.76,1.02,1.23,1.41,1.61,1.83,2,2.11,2.23,2.31,2.35,2.32,2.24,2.25,2.42,2.56,2.6,2.59,2.58,2.58,2.57,2.56,2.54,2.47,2.4,2.35,2.25,2.04,1.76,1.91,-999,-999,-999,1.72,1.54,-999,-999,1.07,0.89,0.15,-0.32,-0.24,-0.21,0.05,0.35,0.58,0.71,0.72,0.73,0.8,0.82,0.88,0.91,0.9,0.92,1.12,1.43,1.62,1.59,1.5,1.44,1.31,1.14,1.1,1.15,1.19,1.2,1.19,1.18,1.17,1.1,0.96,0.87,0.88,0.94,1.07,1.18,1.19,1.23,1.35,1.46,1.57,1.72,1.84,1.97,2.1,2.15,2.28,1.97,1.83,2.21,2.27,2.3,2.46,2.56,2.59,2.58,2.57,2.56,2.56,2.56,2.53,2.49,2.44,2.43,2.4,2.2,1.95,1.79,1.7,1.54,1.28,1.26,1.46,1.78,2.03,1.83,1.63,1.29,1.07,1.12,1.23,1.23,1.21,1.22,1.21,1.16,0.98,0.81,0.69,0.55,0.38,-51.25
-53.75,0.2,0.37,0.44,0.36,-0.03,-1,-2.02,-2.2,-1.57,-0.8,-0.29,0.07,0.39,0.69,0.99,1.23,1.36,1.49,1.68,1.86,2.07,2.18,2.12,1.97,1.93,2.09,2.31,2.4,2.41,2.44,2.47,2.5,2.51,2.51,2.49,2.46,2.41,2.38,2.3,2.14,1.9,1.74,-999,-999,-999,1.66,1.49,1.31,1.19,1.14,0.99,0.68,-0.01,-0.58,-0.19,0.07,0.53,-999,1.29,1.47,1.48,1.38,1.21,1.18,1.15,1.05,0.97,1.02,1.21,1.31,1.22,1.11,1.05,1,0.93,0.9,0.95,0.98,0.96,0.9,0.84,0.78,0.71,0.74,0.85,0.94,0.99,1.12,1.21,1.23,1.38,1.58,1.69,1.71,1.73,1.75,1.81,1.88,1.89,1.97,2,1.85,1.86,2.04,1.86,1.82,1.91,2.02,2.04,1.99,1.93,1.91,1.94,1.99,2.04,2.05,2.04,2.06,2.07,2.01,2.01,2.07,2.07,1.99,1.93,1.95,2.1,2.51,3.05,3.16,2.49,1.7,1.45,1.37,1.21,1.09,1.1,1.02,0.95,0.91,0.82,0.59,0.24,0.07,-53.75
-56.25,-0.25,-0.18,-0.07,-0.09,-0.48,-1.19,-1.83,-1.9,-1.38,-0.81,-0.42,-0.15,0.07,0.24,0.44,0.65,0.85,1.03,1.21,1.37,1.56,1.65,1.66,1.59,1.61,1.86,2.18,2.32,2.35,2.33,2.32,2.33,2.33,2.31,2.31,2.32,2.31,2.28,2.25,2.18,2.06,1.87,1.64,1.64,1.61,1.51,1.41,1.4,1.35,1.28,1.07,0.62,0.2,0.03,0.06,0.17,0.55,0.9,1.28,1.54,1.51,1.27,0.99,0.88,0.9,0.9,0.94,1.03,1.13,1.17,1.13,1.08,1.03,0.98,0.92,0.93,0.94,0.98,0.99,0.97,0.96,0.92,0.84,0.87,0.97,1.04,1.11,1.18,1.23,1.33,1.5,1.64,1.66,1.66,1.7,1.74,1.76,1.77,1.78,1.81,1.91,2,2.14,2,1.72,1.59,1.55,1.58,1.62,1.68,1.78,1.89,1.93,1.92,1.89,1.88,1.89,1.91,1.96,2.02,2.13,2.24,2.31,2.36,2.37,2.35,2.35,2.46,2.75,3.04,2.93,2.7,2.52,2.3,2,1.8,1.59,1.12,0.73,0.42,0.04,-0.15,-0.32,-0.37,-56.25
-58.75,-1.14,-1.04,-0.82,-0.86,-1.26,-1.65,-1.82,-1.7,-1.34,-0.99,-0.74,-0.52,-0.27,-0.07,0.04,0.18,0.36,0.58,0.79,0.95,1.1,1.21,1.26,1.27,1.3,1.42,1.62,1.8,1.92,1.97,1.99,2,1.99,1.99,1.98,1.99,2.04,2.05,2.02,1.97,1.92,1.88,1.81,1.66,1.6,1.08,-0.26,-0.44,-0.46,-0.31,0.8,1.09,0.84,0.68,0.69,0.94,1.42,1.56,1.5,1.42,1.35,1.19,0.98,0.91,0.98,1.05,1.11,1.14,1.16,1.17,1.16,1.13,1.06,0.99,0.98,1.01,1.03,1.09,1.13,1.17,1.21,1.21,1.17,1.18,1.24,1.25,1.28,1.33,1.39,1.46,1.5,1.52,1.55,1.64,1.76,1.83,1.84,1.86,1.86,1.86,1.99,2.21,2.21,2.13,2.04,1.96,2.04,2.13,2.13,2.21,2.35,2.46,2.47,2.36,2.26,2.24,2.3,2.36,2.4,2.47,2.56,2.62,2.66,2.69,2.69,2.67,2.63,2.58,2.55,2.39,1.87,1.38,1.21,1.28,1.35,1.36,1.13,0.4,-0.71,-1.54,-1.37,-0.91,-0.93,-1.1,-58.75
-61.25,-1.97,-1.79,-1.58,-1.45,-1.43,-1.51,-1.56,-1.48,-1.33,-1.12,-0.84,-0.57,-0.35,-0.15,-0.03,0.05,0.13,0.26,0.43,0.62,0.76,0.85,0.92,0.98,1.03,1.05,1.07,1.12,1.19,1.27,1.36,1.44,1.5,1.52,1.51,1.55,1.59,1.59,1.54,1.5,1.48,1.48,1.46,1.17,-0.45,-0.97,-0.22,0.3,0.71,0.79,0.73,0.94,1.2,-999,1.52,1.61,1.6,1.52,1.43,1.34,1.26,1.22,1.1,1.07,1.11,1.16,1.21,1.22,1.24,1.28,1.3,1.27,1.23,1.21,1.2,1.21,1.22,1.26,1.32,1.37,1.4,1.4,1.4,1.43,1.46,1.45,1.45,1.49,1.58,1.76,1.92,1.98,1.99,2.01,2.04,2.05,2.09,2.13,2.11,2.07,2.12,2.23,2.3,2.28,2.24,2.19,2.17,2.39,2.64,2.83,2.97,3.04,3.06,3.05,3.05,3.07,3.07,3.06,3.02,2.99,2.97,2.94,2.88,2.85,2.76,2.58,2.3,1.99,1.66,1.4,1.14,0.83,0.61,0.39,0.23,0.18,0.06,-0.39,-1.07,-1.53,-1.62,-1.58,-1.77,-1.98,-61.25
-63.75,-2.41,-2.2,-1.92,-1.59,-1.26,-1.14,-1.19,-1.21,-1.2,-1.08,-0.88,-0.67,-0.45,-0.22,-0.06,0.02,0.04,0.07,0.14,0.24,0.35,0.43,0.48,0.55,0.63,0.69,0.73,0.76,0.77,0.81,0.9,1.01,1.11,1.15,1.16,1.16,1.15,1.14,1.14,1.18,1.22,1.13,0.57,-0.85,-0.72,0.52,0.76,0.82,-999,1.55,1.26,1.14,1.43,1.71,1.78,1.74,1.63,1.52,1.48,1.47,1.36,1.18,1.24,1.31,1.38,1.4,1.4,1.39,1.37,1.37,1.36,1.32,1.27,1.26,1.28,1.33,1.35,1.36,1.38,1.39,1.41,1.47,1.56,1.62,1.67,1.74,1.84,1.92,2.14,2.44,2.69,2.81,2.9,2.99,3.11,3.16,2.98,2.78,2.67,2.64,2.64,2.61,2.55,2.44,2.33,2.26,2.27,2.47,2.63,2.62,2.4,2.21,2.13,2.17,2.36,2.53,2.55,2.45,2.14,1.83,1.61,1.43,1.23,1.06,0.86,0.61,0.48,0.59,0.64,0.79,0.89,0.74,0.42,0.01,-0.36,-0.56,-0.5,-0.39,-0.51,-0.81,-1.13,-1.5,-2.03,-2.43,-63.75
-66.25,-1.56,-1.41,-1.25,-1.11,-1,-0.91,-0.93,-1.04,-1.15,-1.18,-1.11,-0.96,-0.74,-0.51,-0.32,-0.2,-0.15,-0.14,-0.15,-0.13,-0.06,0.03,0.14,0.29,0.42,0.58,0.78,0.99,1.14,1.19,1.2,1.26,1.31,1.34,1.34,1.33,1.32,1.32,1.28,1.18,0.81,0.08,-0.18,0.6,0.93,-999,-999,-999,2.1,1.56,1.23,1.41,1.87,2.04,1.83,1.67,1.57,1.48,1.36,1.16,0.94,0.92,1.17,1.41,1.48,1.49,1.49,1.47,1.43,1.41,1.4,1.43,1.44,1.42,1.46,1.48,1.49,1.52,1.67,1.8,1.71,1.75,1.74,1.65,1.49,1.36,1.52,1.82,1.9,1.73,1.5,1.31,-999,-999,-999,1.51,1.86,1.98,2.09,2.31,2.38,2.35,2.19,1.93,1.63,1.49,1.47,1.41,-999,-999,-999,-999,-999,-999,-999,-999,-999,-999,0.72,0.53,0.32,0.19,-999,0.15,-999,-999,-999,-999,0.37,0.22,0.15,-0.02,-0.25,-0.73,-1.3,-0.87,0.12,0.46,0.14,-0.01,-0.22,-0.62,-1.14,-1.51,-66.25
-68.75,-0.7,-0.7,-0.68,-0.7,-0.82,-1.03,-1.25,-1.41,-1.48,-1.48,-1.39,-1.21,-1,-0.81,-0.64,-0.51,-0.43,-0.4,-0.36,-0.21,0.2,0.78,1.42,1.93,2.27,2.46,2.55,2.62,2.67,2.6,2.41,2.15,1.98,1.91,1.84,1.71,1.54,1.27,0.89,0.55,0.6,0.91,0.95,-999,-999,-999,-999,1.2,1.49,1.21,0.97,1.09,1.43,1.77,1.99,2.11,2.13,2.08,1.93,1.72,1.54,1.44,1.42,1.44,1.42,1.42,1.47,1.57,1.64,1.63,1.65,1.66,1.66,1.62,1.5,1.36,1.16,1.08,1.1,1.16,1.41,1.5,1.35,1.09,0.97,-999,0.93,0.73,-999,-999,-999,-999,-999,-999,-999,-999,-999,-999,-999,-999,0.99,1.03,0.96,-999,-999,-999,-999,-999,-999,-999,-999,-999,-999,-999,-999,-999,-999,-999,-999,-999,-999,-999,-999,-999,-999,-999,-999,-999,-999,-999,-999,-999,-999,-999,-999,-999,-1.37,-1.44,-1.38,-1.27,-1.04,-0.34,-0.46,-0.64,-68.75
-71.25,-1.67,-1.97,-1.56,-1.01,-0.91,-1.06,-1.23,-1.33,-1.35,-1.31,-1.21,-1.08,-0.93,-0.78,-0.64,-0.46,-0.19,0.39,1.33,2.48,3.35,3.69,3.87,3.97,3.8,3.47,3.22,3.04,2.83,2.45,1.75,1.24,1.06,0.93,1.04,1.21,1.18,0.99,0.81,0.77,0.74,-999,-999,-999,-999,-999,-999,-999,1.23,1.02,0.93,1.06,1.16,1.22,1.34,1.53,1.67,1.76,1.78,1.71,1.62,1.5,1.35,1.22,1.12,1.02,0.97,-999,-999,-999,-999,-999,-999,-999,-999,-999,-999,-999,-999,-999,-999,-999,-999,-999,-999,-999,-999,-999,-999,-999,-999,-999,-999,-999,-999,-999,-999,-999,-999,-999,-999,-999,-999,-999,-999,-999,-999,-999,-999,-999,-999,-999,-999,-999,-999,-999,-999,-999,-999,-999,-999,-999,-999,-999,-999,-999,-999,-999,-999,-999,-999,-999,-999,-999,-999,-999,-999,-999,-999,-999,-999,-3.05,-2.08,-1.48,-71.25
-73.75,-2.58,-3.33,-3.64,-3.1,-2.52,-2.14,-1.92,-1.82,-1.76,-1.68,-1.49,-1.05,-0.3,0.65,1.38,1.69,1.73,1.73,1.79,1.69,1.6,-999,-999,-999,-999,-999,-999,-999,0.82,0.81,0.55,-999,-999,-999,-999,-999,-999,-999,-999,-999,-999,-999,-999,-999,-999,-999,-999,-999,0.55,0.53,0.68,0.85,0.96,1.07,1.14,1.15,1.13,1.12,1.1,1.04,0.99,0.95,0.98,-999,-999,-999,-999,-999,-999,-999,-999,-999,-999,-999,-999,-999,-999,-999,-999,-999,-999,-999,-999,-999,-999,-999,-999,-999,-999,-999,-999,-999,-999,-999,-999,-999,-999,-999,-999,-999,-999,-999,-999,-999,-999,-999,-999,-999,-999,-999,-999,-999,-999,-999,-999,-999,-999,-999,-999,-999,-999,-999,-999,-999,-999,-999,-999,-999,-999,-999,-999,-999,-999,-999,-999,-999,-999,-999,-999,-0.11,-0.29,-0.55,-1.27,-2.43,-73.75
-76.25,0.01,0,0.01,0.06,0.18,0.34,0.52,0.67,0.75,0.81,0.88,-999,-999,-999,-999,-999,-999,-999,-999,-999,-999,-999,-999,-999,-999,-999,-999,-999,-999,-999,-999,-999,-999,-999,-999,-999,-999,-999,-999,-999,-999,-999,-999,-999,-999,-999,-999,-999,-999,-999,-999,0.44,0.49,0.54,0.55,0.55,0.55,0.57,0.6,0.67,-999,-999,-999,-999,-999,-999,-999,-999,-999,-999,-999,-999,-999,-999,-999,-999,-999,-999,-999,-999,-999,-999,-999,-999,-999,-999,-999,-999,-999,-999,-999,-999,-999,-999,-999,-999,-999,-999,-999,-999,-999,-999,-999,-999,-999,-999,-999,-999,-999,-999,-999,-999,-999,-999,-999,-999,-999,-999,-999,-999,-999,-999,-999,-999,-999,-999,-999,-999,-999,-999,-999,-999,-999,-999,-999,-999,-999,-0.26,-0.18,-0.02,0.04,0.07,0.08,0.04,-76.25
-78.75,-999,-999,-999,-999,-999,-999,-999,-999,-999,-999,-999,-999,-999,-999,-999,-999,-999,-999,-999,-999,-999,-999,-999,-999,-999,-999,-999,-999,-999,-999,-999,-999,-999,-999,-999,-999,-999,-999,-999,-999,-999,-999,-999,-999,-999,-999,-999,-999,-999,-999,-999,-999,-999,-999,-999,-999,-999,-999,-999,-999,-999,-999,-999,-999,-999,-999,-999,-999,-999,-999,-999,-999,-999,-999,-999,-999,-999,-999,-999,-999,-999,-999,-999,-999,-999,-999,-999,-999,-999,-999,-999,-999,-999,-999,-999,-999,-999,-999,-999,-999,-999,-999,-999,-999,-999,-999,-999,-999,-999,-999,-999,-999,-999,-999,-999,-999,-999,-999,-999,-999,-999,-999,-999,-999,-999,-999,-999,-999,-999,-999,-999,-999,-999,-999,-999,-999,-999,-999,-999,-999,-999,-999,-999,-999,-78.75
-81.25,-999,-999,-999,-999,-999,-999,-999,-999,-999,-999,-999,-999,-999,-999,-999,-999,-999,-999,-999,-999,-999,-999,-999,-999,-999,-999,-999,-999,-999,-999,-999,-999,-999,-999,-999,-999,-999,-999,-999,-999,-999,-999,-999,-999,-999,-999,-999,-999,-999,-999,-999,-999,-999,-999,-999,-999,-999,-999,-999,-999,-999,-999,-999,-999,-999,-999,-999,-999,-999,-999,-999,-999,-999,-999,-999,-999,-999,-999,-999,-999,-999,-999,-999,-999,-999,-999,-999,-999,-999,-999,-999,-999,-999,-999,-999,-999,-999,-999,-999,-999,-999,-999,-999,-999,-999,-999,-999,-999,-999,-999,-999,-999,-999,-999,-999,-999,-999,-999,-999,-999,-999,-999,-999,-999,-999,-999,-999,-999,-999,-999,-999,-999,-999,-999,-999,-999,-999,-999,-999,-999,-999,-999,-999,-999,-81.25
-83.75,-999,-999,-999,-999,-999,-999,-999,-999,-999,-999,-999,-999,-999,-999,-999,-999,-999,-999,-999,-999,-999,-999,-999,-999,-999,-999,-999,-999,-999,-999,-999,-999,-999,-999,-999,-999,-999,-999,-999,-999,-999,-999,-999,-999,-999,-999,-999,-999,-999,-999,-999,-999,-999,-999,-999,-999,-999,-999,-999,-999,-999,-999,-999,-999,-999,-999,-999,-999,-999,-999,-999,-999,-999,-999,-999,-999,-999,-999,-999,-999,-999,-999,-999,-999,-999,-999,-999,-999,-999,-999,-999,-999,-999,-999,-999,-999,-999,-999,-999,-999,-999,-999,-999,-999,-999,-999,-999,-999,-999,-999,-999,-999,-999,-999,-999,-999,-999,-999,-999,-999,-999,-999,-999,-999,-999,-999,-999,-999,-999,-999,-999,-999,-999,-999,-999,-999,-999,-999,-999,-999,-999,-999,-999,-999,-83.75
-86.25,-999,-999,-999,-999,-999,-999,-999,-999,-999,-999,-999,-999,-999,-999,-999,-999,-999,-999,-999,-999,-999,-999,-999,-999,-999,-999,-999,-999,-999,-999,-999,-999,-999,-999,-999,-999,-999,-999,-999,-999,-999,-999,-999,-999,-999,-999,-999,-999,-999,-999,-999,-999,-999,-999,-999,-999,-999,-999,-999,-999,-999,-999,-999,-999,-999,-999,-999,-999,-999,-999,-999,-999,-999,-999,-999,-999,-999,-999,-999,-999,-999,-999,-999,-999,-999,-999,-999,-999,-999,-999,-999,-999,-999,-999,-999,-999,-999,-999,-999,-999,-999,-999,-999,-999,-999,-999,-999,-999,-999,-999,-999,-999,-999,-999,-999,-999,-999,-999,-999,-999,-999,-999,-999,-999,-999,-999,-999,-999,-999,-999,-999,-999,-999,-999,-999,-999,-999,-999,-999,-999,-999,-999,-999,-999,-86.25
-88.75,-999,-999,-999,-999,-999,-999,-999,-999,-999,-999,-999,-999,-999,-999,-999,-999,-999,-999,-999,-999,-999,-999,-999,-999,-999,-999,-999,-999,-999,-999,-999,-999,-999,-999,-999,-999,-999,-999,-999,-999,-999,-999,-999,-999,-999,-999,-999,-999,-999,-999,-999,-999,-999,-999,-999,-999,-999,-999,-999,-999,-999,-999,-999,-999,-999,-999,-999,-999,-999,-999,-999,-999,-999,-999,-999,-999,-999,-999,-999,-999,-999,-999,-999,-999,-999,-999,-999,-999,-999,-999,-999,-999,-999,-999,-999,-999,-999,-999,-999,-999,-999,-999,-999,-999,-999,-999,-999,-999,-999,-999,-999,-999,-999,-999,-999,-999,-999,-999,-999,-999,-999,-999,-999,-999,-999,-999,-999,-999,-999,-999,-999,-999,-999,-999,-999,-999,-999,-999,-999,-999,-999,-999,-999,-999,-88.75
1,-178.75,-176.25,-173.75,-171.25,-168.75,-166.25,-163.75,-161.25,-158.75,-156.25,-153.75,-151.25,-148.75,-146.25,-143.75,-141.25,-138.75,-136.25,-133.75,-131.25,-128.75,-126.25,-123.75,-121.25,-118.75,-116.25,-113.75,-111.25,-108.75,-106.25,-103.75,-101.25,-98.75,-96.25,-93.75,-91.25,-88.75,-86.25,-83.75,-81.25,-78.75,-76.25,-73.75,-71.25,-68.75,-66.25,-63.75,-61.25,-58.75,-56.25,-53.75,-51.25,-48.75,-46.25,-43.75,-41.25,-38.75,-36.25,-33.75,-31.25,-28.75,-26.25,-23.75,-21.25,-18.75,-16.25,-13.75,-11.25,-8.75,-6.25,-3.75,-1.25,1.25,3.75,6.25,8.75,11.25,13.75,16.25,18.75,21.25,23.75,26.25,28.75,31.25,33.75,36.25,38.75,41.25,43.75,46.25,48.75,51.25,53.75,56.25,58.75,61.25,63.75,66.25,68.75,71.25,73.75,76.25,78.75,81.25,83.75,86.25,88.75,91.25,93.75,96.25,98.75,101.25,103.75,106.25,108.75,111.25,113.75,116.25,118.75,121.25,123.75,126.25,128.75,131.25,133.75,136.25,138.75,141.25,143.75,146.25,148.75,151.25,153.75,156.25,158.75,161.25,163.75,166.25,168.75,171.25,173.75,176.25,178.75,2
