1,-178.75,-176.25,-173.75,-171.25,-168.75,-166.25,-163.75,-161.25,-158.75,-156.25,-153.75,-151.25,-148.75,-146.25,-143.75,-141.25,-138.75,-136.25,-133.75,-131.25,-128.75,-126.25,-123.75,-121.25,-118.75,-116.25,-113.75,-111.25,-108.75,-106.25,-103.75,-101.25,-98.75,-96.25,-93.75,-91.25,-88.75,-86.25,-83.75,-81.25,-78.75,-76.25,-73.75,-71.25,-68.75,-66.25,-63.75,-61.25,-58.75,-56.25,-53.75,-51.25,-48.75,-46.25,-43.75,-41.25,-38.75,-36.25,-33.75,-31.25,-28.75,-26.25,-23.75,-21.25,-18.75,-16.25,-13.75,-11.25,-8.75,-6.25,-3.75,-1.25,1.25,3.75,6.25,8.75,11.25,13.75,16.25,18.75,21.25,23.75,26.25,28.75,31.25,33.75,36.25,38.75,41.25,43.75,46.25,48.75,51.25,53.75,56.25,58.75,61.25,63.75,66.25,68.75,71.25,73.75,76.25,78.75,81.25,83.75,86.25,88.75,91.25,93.75,96.25,98.75,101.25,103.75,106.25,108.75,111.25,113.75,116.25,118.75,121.25,123.75,126.25,128.75,131.25,133.75,136.25,138.75,141.25,143.75,146.25,148.75,151.25,153.75,156.25,158.75,161.25,163.75,166.25,168.75,171.25,173.75,176.25,178.75,2
88.75,0.21,0.21,0.21,0.21,0.21,0.21,0.21,0.21,0.21,0.21,0.21,0.21,0.21,0.21,0.21,0.21,0.22,0.22,0.22,0.22,0.22,0.22,0.22,0.22,0.22,0.22,0.22,0.22,0.22,0.22,0.22,0.22,0.22,0.22,0.22,0.22,0.22,0.22,0.22,0.22,0.23,0.23,0.23,0.23,0.23,0.23,0.23,0.23,0.23,0.23,0.23,0.23,0.23,0.23,0.23,0.23,0.23,0.23,0.23,0.23,0.23,0.23,0.23,0.23,0.23,0.23,0.23,0.23,0.23,0.23,0.23,0.23,0.23,0.23,0.23,0.23,0.23,0.23,0.23,0.23,0.23,0.23,0.23,0.23,0.23,0.23,0.22,0.22,0.22,0.22,0.22,0.22,0.22,0.22,0.22,0.22,0.22,0.22,0.22,0.22,0.22,0.22,0.22,0.22,0.22,0.22,0.22,0.22,0.22,0.22,0.22,0.22,0.22,0.22,0.22,0.22,0.22,0.22,0.22,0.22,0.22,0.22,0.22,0.22,0.22,0.22,0.22,0.22,0.22,0.22,0.21,0.21,0.21,0.21,0.21,0.21,0.21,0.21,0.21,0.21,0.21,0.21,0.21,0.21,88.75
86.25,0.21,0.21,0.21,0.21,0.21,0.21,0.21,0.21,0.21,0.21,0.21,0.21,0.21,0.21,0.21,0.21,0.21,0.21,0.22,0.22,0.22,0.22,0.22,0.22,0.22,0.22,0.23,0.23,0.23,0.23,0.23,0.23,0.23,0.23,0.24,0.24,0.24,0.24,0.24,0.24,0.24,0.25,0.25,0.25,0.25,0.25,0.25,0.26,0.26,0.26,0.26,0.26,0.26,0.26,0.26,0.26,0.26,0.26,0.26,0.26,0.25,0.25,0.25,0.25,0.25,0.25,0.25,0.26,0.26,0.26,0.26,0.26,0.26,0.26,0.26,0.26,0.26,0.26,0.26,0.26,0.26,0.26,0.26,0.26,0.26,0.25,0.25,0.25,0.25,0.25,0.25,0.25,0.25,0.25,0.25,0.24,0.24,0.24,0.24,0.24,0.24,0.24,0.23,0.23,0.23,0.23,0.23,0.23,0.23,0.23,0.23,0.23,0.23,0.23,0.23,0.23,0.23,0.23,0.22,0.22,0.22,0.22,0.22,0.22,0.22,0.22,0.22,0.22,0.22,0.22,0.22,0.22,0.22,0.22,0.22,0.22,0.22,0.22,0.22,0.22,0.22,0.22,0.22,0.22,86.25
83.75,0.24,0.24,0.24,0.24,0.24,0.23,0.23,0.23,0.23,0.23,0.23,0.23,0.23,0.23,0.23,0.23,0.23,0.23,0.23,0.23,0.23,0.23,0.23,0.23,0.24,0.24,0.24,0.24,0.24,0.24,0.25,0.25,0.25,0.25,0.25,0.25,0.24,0.24,0.23,0.23,0.22,0.22,0.22,0.22,0.23,0.24,0.24,0.25,0.25,0.26,0.25,0.25,0.25,0.26,0.26,0.27,0.27,0.27,0.27,-999,-999,-999,0.28,0.27,0.27,0.27,0.27,0.28,0.28,0.28,0.28,0.29,0.29,0.29,0.3,0.3,0.3,0.31,0.31,0.31,0.31,0.31,0.31,0.31,0.32,0.32,0.32,0.32,0.32,0.32,0.32,0.32,0.32,0.32,0.32,0.31,0.31,0.31,0.31,0.31,0.31,0.31,0.31,0.31,0.31,0.31,0.31,0.3,0.3,0.3,0.29,0.29,0.29,0.28,0.28,0.28,0.28,0.27,0.27,0.27,0.27,0.27,0.26,0.26,0.26,0.26,0.26,0.26,0.26,0.26,0.26,0.26,0.26,0.26,0.26,0.25,0.25,0.25,0.25,0.25,0.25,0.25,0.24,0.24,83.75
81.25,0.3,0.3,0.3,0.29,0.29,0.29,0.28,0.28,0.28,0.28,0.27,0.27,0.27,0.27,0.26,0.26,0.26,0.26,0.26,0.25,0.25,0.25,0.25,0.26,0.26,0.26,0.26,0.25,0.25,0.25,0.25,0.25,0.25,0.25,0.26,-999,-999,-999,-999,-999,-999,-999,-999,0.2,-999,-999,-999,-999,-999,-999,-999,-999,-999,-999,-999,-999,-999,-999,-999,-999,-999,-999,-999,-999,-999,-999,-999,-999,0.33,0.33,0.32,0.32,0.32,0.33,0.35,0.37,0.38,0.4,0.41,0.42,0.43,0.44,0.45,0.45,0.46,0.46,0.47,0.48,0.49,0.49,0.47,0.44,0.41,0.4,-999,0.4,0.41,0.42,0.42,0.43,0.44,0.43,0.42,0.41,0.39,0.39,0.38,0.38,0.38,-999,-999,0.37,0.36,0.35,0.34,0.33,0.33,0.33,0.33,0.33,0.33,0.33,0.33,0.32,0.32,0.32,0.32,0.33,0.33,0.33,0.33,0.33,0.33,0.33,0.33,0.33,0.32,0.32,0.32,0.32,0.31,0.31,0.31,0.3,81.25
78.75,0.41,0.4,0.4,0.39,0.39,0.38,0.38,0.38,0.37,0.36,0.36,0.35,0.34,0.34,0.33,0.32,0.32,0.31,0.31,0.31,0.3,0.29,0.29,0.28,0.26,0.25,0.24,-999,-999,0.21,-999,-999,-999,-999,-999,-999,-999,-999,-999,-999,-999,-999,0.4,-999,-999,-999,-999,-999,-999,-999,-999,-999,-999,-999,-999,-999,-999,-999,-999,-999,-999,-999,-999,-999,0.51,0.47,0.41,0.37,0.33,0.3,0.26,0.2,0.14,0.12,0.16,0.23,-999,-999,-999,-999,-999,0.86,0.82,0.77,0.73,0.7,0.68,0.67,0.65,0.64,0.62,0.6,0.57,0.56,0.55,0.52,0.5,0.5,0.49,0.49,0.48,0.47,0.44,0.4,0.35,0.28,0.23,0.18,0.13,0.1,-999,-999,-999,-999,-999,0.43,0.42,0.41,0.41,0.42,0.42,0.42,0.42,0.42,0.43,0.43,0.43,0.43,0.43,0.44,0.44,0.44,0.44,0.44,0.45,0.45,0.46,0.45,0.45,0.44,0.43,0.42,0.41,0.41,78.75
76.25,0.59,0.58,0.58,0.59,0.61,0.63,0.64,0.64,0.62,0.6,0.57,0.54,0.51,0.49,0.47,0.46,0.45,0.44,0.43,0.43,0.42,0.41,-999,-999,-999,-999,-999,-999,-999,0.16,-999,-999,-999,-999,-999,-999,-999,-999,-999,-999,0.66,0.78,0.79,0.76,-999,-999,-999,-999,-999,-999,-999,-999,-999,-999,-999,-999,-999,-999,-999,-999,-999,-999,-999,-999,-999,0.53,0.41,0.29,0.18,0.11,0.08,0.1,0.14,0.2,0.29,0.45,0.77,1.38,2.12,2.28,2.08,1.87,1.72,1.64,1.53,1.33,1.16,1.04,0.94,0.83,0.69,0.56,0.43,0.3,0.24,-999,-999,-999,-999,-999,0.52,0.53,0.49,0.41,0.31,0.23,0.17,0.11,0.08,-999,-999,-999,-999,-999,-999,-999,-999,-999,0.56,0.58,0.58,0.59,0.61,0.63,0.65,0.67,0.69,-999,0.62,0.63,0.63,0.61,0.61,0.61,0.6,0.6,0.61,0.62,0.63,0.63,0.63,0.63,0.61,0.6,76.25
73.75,0.85,0.86,0.87,0.9,0.93,0.95,0.96,0.96,0.95,0.91,0.88,0.86,0.84,0.84,0.85,0.85,0.86,0.88,0.91,0.96,0.97,0.92,-999,-999,-999,-999,0.63,0.59,0.54,-999,-999,-999,-999,-999,-999,-999,0.56,-999,-999,-999,-999,0.79,0.74,0.7,0.66,0.64,0.63,0.63,0.63,-999,-999,-999,-999,-999,-999,-999,-999,-999,-999,-999,-999,-999,-999,-999,0.65,0.55,0.47,0.41,0.35,0.37,0.44,0.58,0.71,0.73,0.76,0.84,0.89,0.95,1.13,1.46,1.82,2.26,2.61,2.87,2.93,2.67,2.24,1.84,1.5,1.18,0.94,0.75,0.61,-999,-999,-999,0.98,0.91,0.85,0.8,0.72,0.64,0.54,0.4,-999,-999,-999,-999,-999,-999,-999,-999,-999,-999,-999,-999,-999,-999,-999,-999,0.72,-999,-999,-999,0.8,0.82,0.83,0.82,-999,0.61,0.66,0.72,0.78,0.84,0.86,0.88,0.91,0.94,0.95,0.93,0.91,0.89,0.86,0.86,73.75
71.25,-999,1.24,1.32,1.38,1.4,1.37,1.25,1.1,1.02,-999,0.93,1,1.08,1.15,1.17,1.17,1.19,1.22,1.2,1.03,0.88,0.86,-999,-999,-999,-999,-999,-999,-999,-999,-999,0.69,-999,-999,-999,0.67,-999,-999,-999,-999,-999,-999,-999,-999,0.7,0.59,0.56,0.54,0.53,-999,0.46,-999,-999,-999,-999,-999,-999,-999,-999,-999,-999,-999,-999,-999,0.78,0.73,0.72,0.75,0.85,1.05,1.28,1.39,1.28,1.11,1.04,1.02,1.02,1.05,1.12,1.25,1.4,1.56,1.77,2.06,2.56,2.58,2.26,1.89,1.54,1.29,1.14,1.13,-999,-999,-999,1.04,0.9,0.81,-999,-999,-999,-999,-999,-999,-999,-999,-999,-999,-999,-999,-999,-999,-999,-999,-999,-999,-999,-999,-999,-999,-999,-999,-999,-999,-999,-999,-999,-999,-999,-999,-999,-999,-999,-999,1.03,1.1,1.18,1.27,1.35,1.39,1.37,1.31,1.25,-999,71.25
68.75,-999,1.49,1.75,1.8,1.85,1.89,-999,-999,-999,-999,-999,-999,-999,-999,-999,-999,-999,-999,-999,-999,-999,-999,-999,-999,-999,-999,-999,-999,-999,-999,-999,1.02,-999,-999,-999,-999,-999,-999,-999,-999,1.13,-999,-999,-999,-999,0.75,0.65,0.57,0.45,0.36,0.32,-999,-999,-999,-999,-999,-999,-999,-999,-999,-999,-999,0.77,0.8,0.86,1,1.07,1.2,1.39,1.54,1.55,1.41,1.14,0.92,0.81,0.8,0.86,0.92,-999,-999,-999,-999,-999,-999,-999,-999,-999,1.23,1.12,1.03,0.94,-999,-999,-999,-999,-999,-999,-999,-999,-999,-999,-999,-999,-999,-999,-999,-999,-999,-999,-999,-999,-999,-999,-999,-999,-999,-999,-999,-999,-999,-999,-999,-999,-999,-999,-999,-999,-999,-999,-999,-999,-999,-999,-999,-999,-999,-999,-999,-999,-999,-999,-999,-999,-999,68.75
66.25,-999,-999,-999,-999,2.09,-999,-999,-999,-999,-999,-999,-999,-999,-999,-999,-999,-999,-999,-999,-999,-999,-999,-999,-999,-999,-999,-999,-999,-999,-999,-999,-999,-999,-999,-999,-999,-999,-999,-999,1.04,1.07,1.16,-999,-999,-999,-999,-999,0.52,0.34,0.01,-999,-999,-999,-999,-999,-999,-999,-999,0.47,-0.05,-1.77,-3.21,-999,-999,-0.44,-999,-0.41,-0.19,0.2,0.51,0.63,0.72,0.78,0.59,0.48,0.55,0.7,-999,-999,-999,-999,-999,-999,-999,-999,-999,-999,-999,-999,-999,-999,-999,-999,-999,-999,-999,-999,-999,-999,-999,-999,-999,-999,-999,-999,-999,-999,-999,-999,-999,-999,-999,-999,-999,-999,-999,-999,-999,-999,-999,-999,-999,-999,-999,-999,-999,-999,-999,-999,-999,-999,-999,-999,-999,-999,-999,-999,-999,-999,-999,-999,-999,-999,-999,66.25
63.75,2.7,2.68,2.53,2.4,2.37,2.14,1.95,-999,-999,-999,-999,-999,-999,-999,-999,-999,-999,-999,-999,-999,-999,-999,-999,-999,-999,-999,-999,-999,-999,-999,-999,-999,-999,-999,-999,-999,0.93,-999,-999,-999,1.16,1.14,-999,-999,-999,-999,0.24,0.17,-0.76,-3.07,-3.37,-999,-999,-999,-999,-999,-1.55,-2.84,-2.82,-2.5,-2.14,-1.86,-1.39,-999,-999,-999,-1.03,-0.98,-0.63,-0.4,-0.13,0.17,0.28,0.22,0.22,-999,-999,-999,-999,-999,-999,-999,-999,-999,-999,-999,-999,-999,-999,-999,-999,-999,-999,-999,-999,-999,-999,-999,-999,-999,-999,-999,-999,-999,-999,-999,-999,-999,-999,-999,-999,-999,-999,-999,-999,-999,-999,-999,-999,-999,-999,-999,-999,-999,-999,-999,-999,-999,-999,-999,-999,-999,-999,-999,-999,-999,-999,-999,-999,-999,-999,-999,-999,-999,63.75
61.25,3.26,3.42,3.22,2.94,2.72,-999,-999,-999,-999,-999,-999,-999,-999,-999,-999,-999,-999,-999,-999,-999,-999,-999,-999,-999,-999,-999,-999,-999,-999,-999,-999,-999,-999,-999,-999,1.35,1.28,1.28,1.36,1.51,1.76,-999,-999,-999,1.09,0.7,0.28,-0.37,-2.62,-3.01,-2.77,-2.66,-2.45,-999,-999,-2.24,-2.4,-1.83,-1.63,-1.65,-1.54,-1.29,-1.16,-1.04,-0.92,-0.84,-0.71,-0.51,-0.34,-0.23,-0.12,-0.08,-0.04,0.21,-999,-999,-999,-999,-999,1.59,-999,-999,-999,-999,-999,-999,-999,-999,-999,-999,-999,-999,-999,-999,-999,-999,-999,-999,-999,-999,-999,-999,-999,-999,-999,-999,-999,-999,-999,-999,-999,-999,-999,-999,-999,-999,-999,-999,-999,-999,-999,-999,-999,-999,-999,-999,-999,-999,-999,-999,-999,-999,-999,-999,-999,1.22,-999,-999,-999,-999,-999,-999,3.29,3.22,61.25
58.75,2.97,2.92,2.85,2.76,2.73,2.72,2.81,-999,-999,-999,-999,2.53,2.4,2.27,2.15,2.09,2.07,-999,-999,-999,-999,-999,-999,-999,-999,-999,-999,-999,-999,-999,-999,-999,-999,-999,-999,1.87,1.76,1.67,1.68,1.82,-999,-999,-999,-999,-999,-999,-999,0.32,-1.51,-2.59,-2.37,-2.3,-2.36,-2.37,-2.32,-2.31,-2.08,-1.95,-2.15,-2.13,-1.82,-1.67,-1.57,-1.44,-1.24,-0.96,-0.72,-0.54,-0.51,-0.44,-0.3,-0.1,0.03,0.27,-999,-999,-999,-999,-999,1.35,1.31,-999,-999,-999,-999,-999,-999,-999,-999,-999,-999,-999,-999,-999,-999,-999,-999,-999,-999,-999,-999,-999,-999,-999,-999,-999,-999,-999,-999,-999,-999,-999,-999,-999,-999,-999,-999,-999,-999,-999,-999,-999,-999,-999,-999,-999,-999,-999,-999,1.78,1.72,1.76,1.92,1.96,1.72,-999,-999,3.25,3.19,3.13,3.08,3.07,3.06,3.02,58.75
56.25,2.59,2.48,2.4,2.35,2.33,2.43,2.69,-999,-999,2.39,2.4,2.35,2.25,2.17,2.12,2.05,2,2.02,-999,-999,-999,-999,-999,-999,-999,-999,-999,-999,-999,-999,-999,-999,-999,-999,-999,-999,-999,2.25,2.18,2.23,2.48,-999,-999,-999,-999,-999,-999,-999,0.06,-1.55,-2.4,-2.43,-2.25,-2.1,-1.96,-1.85,-1.91,-2.22,-2.5,-2.49,-2.25,-1.79,-1.32,-1.3,-1.01,-0.76,-0.65,-0.64,-0.66,-0.43,-999,0.11,0.16,0.29,0.38,-999,-999,-999,-999,1.15,-999,-999,-999,-999,-999,-999,-999,-999,-999,-999,-999,-999,-999,-999,-999,-999,-999,-999,-999,-999,-999,-999,-999,-999,-999,-999,-999,-999,-999,-999,-999,-999,-999,-999,-999,-999,-999,-999,-999,-999,-999,-999,-999,-999,-999,-999,-999,2.4,2.12,2.03,2.21,2.46,2.55,2.6,-999,-999,-999,3.26,3.13,2.92,2.74,2.67,2.67,2.67,56.25
53.75,2.4,2.2,2.08,2.07,2.1,2.21,2.32,2.25,2.14,2.09,2.04,1.94,1.92,1.96,1.96,1.91,1.88,1.94,1.98,-999,-999,-999,-999,-999,-999,-999,-999,-999,-999,-999,-999,-999,-999,-999,-999,-999,-999,-999,-999,-999,-999,-999,-999,-999,-999,-999,-999,-999,-999,-999,-0.35,-1.75,-2.23,-2.02,-1.79,-1.62,-1.66,-1.97,-2.17,-2.05,-1.58,-1.14,-1.27,-1.55,-1.34,-0.98,-0.7,-0.52,-999,-999,-999,-999,0.33,0.35,0.4,-999,-999,-999,-999,-999,-999,-999,-999,-999,-999,-999,-999,-999,-999,-999,-999,-999,-999,-999,-999,-999,-999,-999,-999,-999,-999,-999,-999,-999,-999,-999,-999,-999,-999,-999,-999,-999,-999,-999,-999,-999,-999,-999,-999,-999,-999,-999,-999,-999,-999,-999,-999,-999,-999,-999,2.68,3.05,3.17,3.17,-999,-999,3.2,3.18,3.05,2.84,2.66,2.57,2.57,2.53,53.75
51.25,2.19,2.05,2,1.97,1.96,1.95,1.92,1.91,1.86,1.78,1.73,1.72,1.76,1.79,1.76,1.7,1.69,1.76,1.84,1.9,1.92,-999,-999,-999,-999,-999,-999,-999,-999,-999,-999,-999,-999,-999,-999,-999,-999,-999,-999,-999,-999,-999,-999,-999,-999,-999,-999,-999,-999,-999,0.13,-0.6,-1.43,-1.52,-1.49,-1.24,-1.01,-0.89,-0.76,-0.58,-0.47,-0.43,-0.48,-0.66,-0.75,-0.74,-0.32,-0.18,0.16,0.25,-999,-999,-999,-999,-999,-999,-999,-999,-999,-999,-999,-999,-999,-999,-999,-999,-999,-999,-999,-999,-999,-999,-999,-999,-999,-999,-999,-999,-999,-999,-999,-999,-999,-999,-999,-999,-999,-999,-999,-999,-999,-999,-999,-999,-999,-999,-999,-999,-999,-999,-999,-999,-999,-999,-999,-999,-999,-999,-999,-999,2.99,3.35,3.36,3.3,-999,3.19,3.13,3.03,2.93,2.82,2.73,2.65,2.53,2.38,51.25
48.75,2.04,1.9,1.76,1.67,1.64,1.6,1.53,1.53,1.58,1.6,1.59,1.57,1.57,1.62,1.63,1.62,1.6,1.59,1.69,1.81,1.8,1.76,-999,-999,-999,-999,-999,-999,-999,-999,-999,-999,-999,-999,-999,-999,-999,-999,-999,-999,-999,-999,-999,-999,-999,-999,3.42,3.34,3.2,-999,-999,0.35,-0.16,-0.31,-0.13,-0.16,-0.25,-0.2,-0.27,-0.37,-0.35,-0.48,-0.55,-0.59,-0.71,-0.58,-0.15,0.19,0.32,0.4,-999,-999,-999,-999,-999,-999,-999,-999,-999,-999,-999,-999,-999,-999,-999,-999,-999,-999,-999,-999,-999,-999,-999,-999,-999,-999,-999,-999,-999,-999,-999,-999,-999,-999,-999,-999,-999,-999,-999,-999,-999,-999,-999,-999,-999,-999,-999,-999,-999,-999,-999,-999,-999,-999,-999,-999,-999,-999,3.1,-999,2.92,3.02,3.02,3.03,3.12,3.04,2.83,2.66,2.56,2.52,2.48,2.4,2.27,2.16,48.75
46.25,1.7,1.68,1.57,1.45,1.44,1.45,1.4,1.35,1.38,1.43,1.47,1.48,1.46,1.5,1.58,1.64,1.63,1.58,1.59,1.68,1.68,1.63,-999,-999,-999,-999,-999,-999,-999,-999,-999,-999,-999,-999,-999,-999,-999,-999,-999,-999,-999,-999,-999,-999,-999,-999,-999,-999,2.3,1.63,1.58,1.18,1.1,0.55,0.86,0.39,0.24,0.16,-0.25,-0.69,-0.74,-0.72,-0.76,-0.9,-0.89,-0.55,0.01,0.38,0.52,0.54,0.6,-999,-999,-999,-999,-999,-999,-999,-999,-999,-999,-999,-999,-999,-999,-999,-999,-999,-999,-999,-999,-999,-999,-999,-999,-999,-999,-999,-999,-999,-999,-999,-999,-999,-999,-999,-999,-999,-999,-999,-999,-999,-999,-999,-999,-999,-999,-999,-999,-999,-999,-999,-999,-999,-999,-999,-999,2.02,1.96,1.95,1.8,1.84,2.1,2.37,2.39,2.18,2.09,2.09,2.14,2.11,2.02,1.85,1.75,1.69,46.25
43.75,1.38,1.36,1.31,1.25,1.23,1.23,1.26,1.31,1.42,1.49,1.48,1.44,1.43,1.48,1.57,1.63,1.63,1.61,1.63,1.68,1.66,1.63,-999,-999,-999,-999,-999,-999,-999,-999,-999,-999,-999,-999,-999,-999,-999,-999,-999,-999,-999,-999,-999,-999,2.2,-999,0.61,0,-0.29,0.01,0.63,1.55,3.39,1.63,0.82,0.63,0.44,0.25,-0.18,-0.8,-0.74,-0.5,-0.33,-0.17,0.05,0.36,0.5,0.53,0.57,-999,0.66,-999,-999,-999,-999,1.48,-999,-999,-999,-999,-999,-999,-999,1.13,1.18,1.24,1.28,1.33,-999,-999,-999,-999,-999,-999,-999,-999,-999,-999,-999,-999,-999,-999,-999,-999,-999,-999,-999,-999,-999,-999,-999,-999,-999,-999,-999,-999,-999,-999,-999,-999,-999,-999,-999,-999,-999,-999,1.82,1.68,-999,-999,-999,-0.92,-0.62,0.2,0.74,1.24,1.59,1.67,1.72,1.69,1.61,1.49,1.43,1.4,43.75
41.25,1.31,1.21,1.13,1.12,1.18,1.22,1.28,1.39,1.51,1.61,1.59,1.51,1.49,1.52,1.52,1.55,1.58,1.59,1.63,1.67,1.6,1.52,-999,-999,-999,-999,-999,-999,-999,-999,-999,-999,-999,-999,-999,-999,-999,-999,-999,-999,-999,-999,-999,1.79,1.38,0.66,0.62,0.52,0.5,0.58,0.74,1.08,1.33,1.28,1.25,1.11,0.91,0.72,0.13,-0.09,0.1,0.26,0.45,0.71,0.89,0.89,0.78,0.63,-999,-999,-999,-999,-999,1.34,1.35,1.46,1.56,-999,-999,1.75,-999,-999,-999,-999,-999,-999,-999,1.35,-999,-999,-999,-999,-999,-999,-999,-999,-999,-999,-999,-999,-999,-999,-999,-999,-999,-999,-999,-999,-999,-999,-999,-999,-999,-999,-999,-999,-999,-999,-999,-999,-999,-999,-999,-999,1.86,1.65,1.58,1.69,-999,0.65,0.64,0.84,0.95,1,1.22,1.49,1.61,1.58,1.62,1.57,1.52,1.5,1.47,1.41,41.25
38.75,1.44,1.34,1.3,1.29,1.35,1.41,1.46,1.49,1.58,1.68,1.67,1.57,1.5,1.52,1.51,1.47,1.47,1.54,1.6,1.6,1.5,1.42,-999,-999,-999,-999,-999,-999,-999,-999,-999,-999,-999,-999,-999,-999,-999,-999,-999,-999,-999,-999,1.57,0.72,0.64,0.68,0.76,0.86,0.95,1.02,1.1,1.22,1.36,1.45,1.45,1.38,1.21,0.92,0.72,0.81,0.87,0.91,1.05,1.18,1.19,1.14,0.93,0.7,-999,-999,-999,-999,1.4,1.43,1.41,1.42,1.52,1.7,-999,1.51,-999,-999,-999,-999,-999,-999,-999,-999,-999,-999,-999,-999,-999,-999,-999,-999,-999,-999,-999,-999,-999,-999,-999,-999,-999,-999,-999,-999,-999,-999,-999,-999,-999,-999,-999,-999,-999,-999,-999,-999,1.33,1.28,-999,-999,1.72,1.56,1.68,-999,-999,1.46,1.5,1.33,1.24,1.28,1.39,1.52,1.6,1.66,1.71,1.72,1.71,1.67,1.6,1.54,38.75
36.25,1.42,1.35,1.37,1.39,1.48,1.61,1.69,1.71,1.76,1.78,1.69,1.53,1.44,1.45,1.45,1.41,1.38,1.42,1.47,1.45,1.33,1.26,1.46,-999,-999,-999,-999,-999,-999,-999,-999,-999,-999,-999,-999,-999,-999,-999,-999,-999,-999,-999,1.16,1.26,1.44,1.39,1.35,1.3,1.28,1.28,1.32,1.38,1.43,1.44,1.4,1.32,1.24,1.23,1.28,1.27,1.27,1.23,1.23,1.26,1.24,1.16,1,0.85,0.81,0.82,1.03,1.21,-999,-999,-999,-999,-999,1.32,1.36,1.37,1.18,1.1,1.31,-999,1.47,-999,-999,-999,-999,-999,-999,-999,-999,-999,-999,-999,-999,-999,-999,-999,-999,-999,-999,-999,-999,-999,-999,-999,-999,-999,-999,-999,-999,-999,-999,-999,-999,-999,-999,-999,-999,1.52,-999,-999,1.57,1.62,-999,-999,-999,1.46,1.34,1.21,1.15,1.2,1.31,1.46,1.56,1.64,1.69,1.73,1.7,1.65,1.59,1.52,36.25
33.75,1.38,1.39,1.43,1.54,1.72,1.86,1.95,1.99,2.01,1.93,1.76,1.58,1.45,1.42,1.41,1.37,1.36,1.4,1.39,1.3,1.12,1.06,1.25,1.44,1.47,-999,-999,-999,-999,-999,-999,-999,-999,-999,-999,-999,-999,-999,-999,-999,-999,1.37,1.2,1.4,1.46,1.37,1.27,1.19,1.16,1.15,1.13,1.15,1.23,1.31,1.34,1.35,1.36,1.36,1.3,1.24,1.19,1.12,1.14,1.17,1.15,1.14,1.1,1.02,0.98,-999,-999,-999,-999,-999,-999,-999,1.33,1.4,1.37,1.33,1.19,1.15,1.28,1.34,1.32,1.27,-999,-999,-999,-999,-999,-999,-999,-999,-999,-999,-999,-999,-999,-999,-999,-999,-999,-999,-999,-999,-999,-999,-999,-999,-999,-999,-999,-999,-999,-999,-999,-999,-999,-999,-999,1.42,1.54,1.56,-999,-999,-999,1.44,1.39,1.36,1.24,1.13,1.08,1.13,1.23,1.35,1.44,1.49,1.52,1.53,1.51,1.46,1.42,1.4,33.75
31.25,1.6,1.64,1.73,1.88,2,2.07,2.13,2.14,2.1,1.97,1.79,1.6,1.48,1.41,1.37,1.35,1.37,1.38,1.33,1.19,1,0.93,1.1,1.35,1.35,-999,-999,-999,-999,-999,-999,-999,-999,-999,-999,-999,-999,-999,-999,-999,1.41,1.31,1.42,1.38,1.25,1.14,1.06,1.02,0.99,1,1.07,1.15,1.25,1.32,1.34,1.33,1.31,1.26,1.18,1.1,1.01,1,1.04,1.09,1.16,1.2,1.16,1.07,-999,-999,-999,-999,-999,-999,-999,-999,-999,-999,-999,1.38,-999,-999,-999,-999,-999,-999,-999,-999,-999,-999,-999,-999,-999,-999,-999,-999,-999,-999,-999,-999,-999,-999,-999,-999,-999,-999,-999,-999,-999,-999,-999,-999,-999,-999,-999,-999,-999,-999,-999,-999,-999,1.64,1.68,1.65,1.56,1.38,1.27,1.31,1.31,1.25,1.19,1.13,1.15,1.21,1.27,1.32,1.39,1.43,1.46,1.47,1.47,1.49,1.5,1.57,31.25
28.75,1.88,1.94,2.03,2.12,2.17,2.17,2.14,2.09,2.01,1.89,1.74,1.6,1.48,1.39,1.34,1.34,1.32,1.27,1.2,1.09,1.01,1.03,1.19,1.33,1.23,1.01,-999,-999,-999,-999,-999,-999,-999,-999,2.3,2.04,1.99,2.07,1.94,-999,1.45,1.34,1.41,1.32,1.23,1.16,1.15,1.15,1.14,1.15,1.17,1.19,1.23,1.26,1.24,1.21,1.17,1.12,1.05,0.98,0.96,1.01,1.1,1.19,1.29,1.33,1.32,-999,-999,-999,-999,-999,-999,-999,-999,-999,-999,-999,-999,-999,-999,-999,-999,-999,-999,-999,-999,-999,-999,-999,-999,-999,1.25,-999,-999,-999,-999,-999,-999,-999,-999,-999,-999,-999,-999,-999,-999,-999,-999,-999,-999,-999,-999,-999,-999,-999,-999,-999,-999,-999,-999,1.93,1.76,1.7,1.38,1.18,1.18,1.23,1.25,1.23,1.18,1.16,1.21,1.27,1.35,1.47,1.58,1.66,1.72,1.77,1.81,1.83,1.86,1.89,28.75
26.25,2.13,2.15,2.2,2.23,2.23,2.18,2.12,2.04,1.93,1.82,1.7,1.6,1.47,1.34,1.25,1.21,1.19,1.14,1.12,1.13,1.16,1.26,1.39,1.39,1.16,0.86,0.76,-999,-999,-999,-999,-999,-999,2.21,2.07,1.94,1.86,1.75,1.7,-999,1.45,1.37,1.27,1.32,1.34,1.35,1.34,1.3,1.24,1.19,1.16,1.15,1.16,1.15,1.14,1.12,1.09,1.06,1.04,1.06,1.14,1.26,1.36,1.45,1.55,1.59,-999,-999,-999,-999,-999,-999,-999,-999,-999,-999,-999,-999,-999,-999,-999,-999,-999,-999,-999,-999,-999,-999,-999,-999,-999,-999,1.39,1.35,1.31,-999,-999,-999,-999,-999,-999,-999,-999,-999,-999,-999,-999,-999,-999,-999,-999,-999,-999,-999,-999,-999,-999,-999,-999,-999,1.74,1.73,1.52,1.35,1.2,1.19,1.19,1.2,1.18,1.19,1.21,1.27,1.35,1.45,1.57,1.71,1.83,1.95,2.06,2.12,2.13,2.13,2.14,2.14,26.25
23.75,2.31,2.3,2.29,2.27,2.24,2.18,2.07,1.96,1.84,1.73,1.63,1.49,1.33,1.17,1.09,1.11,1.12,1.11,1.15,1.23,1.32,1.39,1.4,1.3,1.06,0.78,0.66,-999,1.1,-999,-999,-999,-999,2.12,1.9,1.75,1.61,1.42,1.41,1.42,1.4,1.33,1.26,1.33,1.41,1.43,1.39,1.33,1.27,1.21,1.17,1.15,1.14,1.13,1.14,1.15,1.17,1.2,1.25,1.35,1.47,1.58,1.66,1.72,1.76,1.7,-999,-999,-999,-999,-999,-999,-999,-999,-999,-999,-999,-999,-999,-999,-999,-999,-999,-999,-999,-999,1.48,-999,-999,-999,-999,-999,-999,-999,-999,-999,1.36,1.37,1.43,-999,-999,-999,-999,-999,-999,-999,-999,-999,-999,-999,-999,-999,-999,-999,-999,-999,-999,-999,-999,1.33,-999,1.46,1.26,1.13,1.09,1.07,1.1,1.15,1.2,1.28,1.39,1.49,1.64,1.78,1.89,2.01,2.12,2.21,2.3,2.35,2.36,2.36,2.35,2.33,23.75
21.25,2.37,2.36,2.34,2.3,2.25,2.16,2.03,1.86,1.7,1.61,1.38,1.18,1.05,0.96,0.97,1.03,1.09,1.16,1.23,1.27,1.35,1.38,1.32,1.17,0.95,0.75,0.68,0.78,0.97,1.07,-999,-999,-999,2.17,1.89,1.67,-999,1.4,1.38,1.37,-999,-999,1.3,1.3,1.36,1.41,1.4,1.37,1.32,1.28,1.25,1.24,1.25,1.27,1.3,1.34,1.38,1.43,1.5,1.6,1.7,1.78,1.82,1.76,1.63,-999,-999,-999,-999,-999,-999,-999,-999,-999,-999,-999,-999,-999,-999,-999,-999,-999,-999,-999,-999,-999,-999,-999,-999,-999,-999,-999,-999,-999,-999,-999,1.35,1.45,1.56,1.7,-999,-999,-999,-999,-999,-999,-999,1.17,-999,-999,-999,-999,-999,-999,-999,0.99,-999,1.48,1.42,1.39,1.47,1.26,1.1,1.09,1.09,1.13,1.23,1.34,1.45,1.55,1.68,1.81,1.93,2.04,2.12,2.2,2.29,2.35,2.41,2.45,2.46,2.45,2.42,2.38,21.25
18.75,2.22,2.18,2.13,2.05,1.94,1.79,1.65,1.49,1.35,1.23,1.09,0.99,0.94,0.93,0.98,1.04,1.09,1.14,1.17,1.21,1.25,1.27,1.22,1.08,0.94,0.84,0.83,0.88,1.01,1.09,-999,-999,-999,-999,1.95,-999,-999,1.42,1.42,1.46,1.51,1.48,1.52,-999,-999,1.46,1.44,1.43,1.41,1.38,1.37,1.37,1.39,1.42,1.46,1.5,1.55,1.6,1.68,1.77,1.81,1.82,1.76,1.63,1.47,-999,-999,-999,-999,-999,-999,-999,-999,-999,-999,-999,-999,-999,-999,-999,-999,-999,-999,-999,-999,-999,-999,1.53,-999,-999,-999,-999,-999,-999,-999,1.34,1.42,1.53,1.59,1.63,1.68,-999,-999,-999,-999,-999,1.33,1.28,1.3,-999,-999,-999,-999,-999,-999,-999,-999,1.43,1.29,1.39,1.46,1.53,1.35,1.37,1.42,1.51,1.61,1.73,1.84,1.93,2.01,2.07,2.14,2.19,2.24,2.29,2.34,2.38,2.39,2.39,2.37,2.34,2.31,2.26,18.75
16.25,1.83,1.74,1.65,1.54,1.42,1.32,1.2,1.11,1.04,0.98,0.95,0.91,0.91,0.95,1,1.03,1.05,1.07,1.09,1.08,1.04,0.99,0.94,0.91,0.89,0.9,0.95,1.03,1.17,1.28,1.32,1.36,-999,-999,-999,-999,-999,1.44,1.49,1.57,1.64,1.58,1.56,1.51,1.49,1.48,1.49,1.49,1.48,1.47,1.48,1.49,1.52,1.56,1.59,1.62,1.66,1.72,1.81,1.85,1.82,1.76,1.63,1.47,1.33,-999,-999,-999,-999,-999,-999,-999,-999,-999,-999,-999,-999,-999,-999,-999,-999,-999,-999,-999,-999,-999,-999,-999,1.51,-999,-999,-999,-999,1.22,1.2,1.25,1.38,1.47,1.5,1.54,1.61,-999,-999,-999,-999,1.44,1.39,1.3,1.26,-999,-999,-999,-999,-999,-999,-999,1.6,1.53,1.47,1.5,-999,1.68,1.72,1.76,1.8,1.86,1.92,1.99,2.06,2.09,2.12,2.14,2.15,2.15,2.17,2.2,2.2,2.2,2.19,2.17,2.12,2.08,2.03,1.94,16.25
13.75,1.55,1.44,1.35,1.26,1.19,1.12,1.04,0.99,0.94,0.9,0.87,0.84,0.86,0.89,0.91,0.92,0.92,0.92,0.93,0.93,0.9,0.91,0.96,1.03,1.07,1.13,1.23,1.31,1.37,1.42,1.48,1.54,1.61,1.56,1.48,-999,-999,-999,-999,1.62,1.65,1.66,1.66,1.64,1.59,1.55,1.51,1.49,1.47,1.49,1.53,1.57,1.61,1.66,1.71,1.74,1.78,1.83,1.87,1.88,1.86,1.76,1.63,1.47,1.35,-999,-999,-999,-999,-999,-999,-999,-999,-999,-999,-999,-999,-999,-999,-999,-999,-999,-999,-999,-999,-999,-999,-999,-999,-999,-999,1.26,1.17,1.16,1.18,1.3,1.41,1.45,1.49,1.56,1.63,1.67,-999,-999,1.55,1.5,1.45,1.4,1.37,1.45,1.57,-999,-999,-999,-999,-999,1.55,1.58,1.65,1.66,-999,-999,1.86,1.9,1.94,1.95,1.96,1.97,1.99,2.02,2.06,2.05,2.03,2,1.98,1.97,1.97,1.94,1.91,1.89,1.85,1.78,1.72,1.64,13.75
11.25,1.31,1.26,1.2,1.15,1.08,1.01,0.96,0.92,0.9,0.87,0.81,0.75,0.74,0.73,0.73,0.71,0.72,0.72,0.76,0.83,0.88,0.97,1.11,1.22,1.32,1.38,1.44,1.5,1.54,1.59,1.63,1.65,1.64,1.62,1.65,1.63,1.52,-999,-999,1.64,1.69,1.69,-999,-999,-999,1.8,1.78,1.61,1.36,1.45,1.55,1.62,1.66,1.7,1.75,1.77,1.81,1.85,1.87,1.87,1.84,1.79,1.69,1.58,1.44,1.31,-999,-999,-999,-999,-999,-999,-999,-999,-999,-999,-999,-999,-999,-999,-999,-999,-999,-999,-999,-999,-999,-999,-999,-999,1.19,-999,-999,1.22,1.28,1.39,1.46,1.48,1.52,1.58,1.69,1.77,-999,-999,1.56,1.6,1.52,1.52,1.57,1.64,1.73,-999,1.49,-999,-999,-999,1.59,1.66,1.73,1.8,1.81,-999,1.87,1.83,1.82,1.85,1.86,1.85,1.83,1.84,1.85,1.84,1.82,1.78,1.75,1.72,1.69,1.65,1.59,1.55,1.53,1.5,1.45,1.37,11.25
8.75,1.17,1.13,1.07,1.01,0.96,0.9,0.85,0.82,0.77,0.74,0.71,0.68,0.65,0.64,0.64,0.66,0.66,0.67,0.72,0.79,0.86,0.95,1.04,1.14,1.22,1.29,1.38,1.45,1.5,1.56,1.59,1.57,1.53,1.5,1.43,1.41,1.37,1.39,-999,-999,-999,-999,-999,-999,-999,-999,-999,-999,1.5,1.37,1.4,1.52,1.65,1.71,1.77,1.77,1.79,1.82,1.82,1.77,1.69,1.59,1.53,1.5,1.44,1.29,1.23,-999,-999,-999,-999,-999,-999,-999,-999,-999,-999,-999,-999,-999,-999,-999,-999,-999,-999,-999,-999,-999,-999,-999,-999,-999,1.21,1.31,1.37,1.41,1.47,1.53,1.58,1.62,1.67,1.73,1.69,1.62,-999,1.71,1.7,1.74,1.81,1.83,1.83,-999,1.61,1.58,1.52,1.56,1.68,1.8,1.85,1.88,1.9,-999,-999,1.81,1.71,1.73,1.72,1.72,1.69,1.65,1.62,1.6,1.58,1.56,1.53,1.5,1.47,1.43,1.38,1.31,1.27,1.28,1.25,1.21,8.75
6.25,0.89,0.88,0.83,0.79,0.75,0.71,0.69,0.69,0.67,0.66,0.66,0.68,0.7,0.72,0.75,0.79,0.87,0.91,0.94,0.98,1.05,1.13,1.21,1.28,1.36,1.42,1.47,1.51,1.54,1.56,1.53,1.46,1.39,1.35,1.34,1.35,1.44,1.5,1.49,1.51,1.69,-999,-999,-999,-999,-999,-999,-999,-999,1.41,1.39,1.39,1.49,1.66,1.7,1.67,1.67,1.62,1.61,1.56,1.49,1.4,1.3,1.26,1.22,1.18,1.2,-999,-999,-999,-999,-999,-999,-999,-999,-999,-999,-999,-999,-999,-999,-999,-999,-999,-999,-999,-999,-999,-999,-999,-999,-999,1.31,1.38,1.47,1.57,1.65,1.7,1.71,1.74,1.74,1.73,1.69,1.64,-999,1.84,1.9,1.9,1.88,1.88,1.82,1.7,-999,1.65,1.59,1.57,1.73,1.85,-999,1.75,1.73,-999,1.8,1.78,1.52,1.58,1.54,1.51,1.48,1.45,1.43,1.4,1.38,1.35,1.31,1.28,1.26,1.25,1.2,1.14,1.04,0.98,0.94,0.91,6.25
3.75,0.71,0.73,0.74,0.77,0.78,0.81,0.88,0.93,0.93,0.95,0.97,1.01,1.04,1.09,1.12,1.15,1.18,1.21,1.26,1.29,1.33,1.38,1.45,1.56,1.67,1.72,1.79,1.81,1.76,1.78,1.75,1.65,1.56,1.53,1.56,1.64,1.76,1.78,1.75,1.75,1.72,-999,-999,-999,-999,-999,-999,-999,-999,-999,-999,-999,1.41,1.55,1.6,1.58,1.53,1.5,1.42,1.34,1.26,1.18,1.1,1.1,1.14,1.19,1.28,1.32,1.36,1.38,1.38,1.38,1.36,1.27,1.25,1.35,-999,-999,-999,-999,-999,-999,-999,-999,-999,-999,-999,-999,-999,-999,-999,1.23,1.38,1.48,1.58,1.69,1.78,1.86,1.91,1.92,1.91,1.9,1.86,1.83,1.83,1.85,1.84,1.82,1.83,1.82,-999,-999,-999,1.62,1.55,1.57,1.68,-999,-999,1.61,1.51,1.36,1.3,1.1,1.22,1.29,1.31,1.31,1.29,1.25,1.23,1.16,1.1,1.03,0.97,0.9,0.83,0.81,0.79,0.73,0.68,0.66,0.66,0.68,3.75
1.25,0.72,0.77,0.84,0.91,0.96,1.02,1.09,1.13,1.15,1.2,1.27,1.27,1.28,1.32,1.35,1.33,1.31,1.3,1.25,1.26,1.34,1.43,1.48,1.49,1.5,1.51,1.64,1.76,1.81,1.89,1.88,1.83,1.84,1.88,1.96,2,2.05,2.08,2.01,1.86,-999,-999,-999,-999,-999,-999,-999,-999,-999,-999,-999,-999,1.34,1.36,1.51,1.53,1.49,1.4,1.33,1.23,1.15,1.15,1.24,1.32,1.37,1.4,1.42,1.41,1.4,1.41,1.41,1.39,1.38,1.33,1.32,1.36,-999,-999,-999,-999,-999,-999,-999,-999,-999,-999,-999,-999,-999,-999,1.24,1.29,1.37,1.42,1.52,1.64,1.77,1.88,1.95,1.97,1.98,1.99,1.99,1.94,1.89,1.85,1.84,1.85,1.86,1.85,1.84,-999,-999,1.48,1.53,-999,-999,-999,-999,-999,1.38,1.25,1.11,-999,1.16,1.16,1.12,1.09,1.03,0.97,0.88,0.8,0.74,0.69,0.65,0.57,0.53,0.52,0.53,0.54,0.57,0.61,0.65,0.67,1.25
-1.25,0.93,1.01,1.1,1.17,1.23,1.28,1.32,1.37,1.43,1.47,1.5,1.53,1.55,1.56,1.57,1.58,1.59,1.58,1.59,1.6,1.64,1.71,1.76,1.81,1.87,1.92,1.97,2.03,2.13,2.21,2.29,2.31,2.29,2.26,2.24,2.18,2.34,2.46,2.37,2.25,-999,-999,-999,-999,-999,-999,-999,-999,-999,-999,-999,-999,-999,-999,1.34,1.31,1.28,1.24,1.19,1.2,1.22,1.32,1.37,1.42,1.46,1.49,1.51,1.51,1.51,1.5,1.44,1.41,1.4,1.38,1.37,1.29,-999,-999,-999,-999,-999,-999,-999,-999,-999,-999,-999,-999,-999,1.4,1.32,1.37,1.41,1.47,1.52,1.58,1.66,1.77,1.82,1.86,1.86,1.84,1.81,1.76,1.72,1.71,1.72,1.72,1.74,1.75,1.79,1.8,-999,-999,1.57,1.57,-999,-999,-999,1.54,-999,1.18,0.99,0.96,-999,-999,1.21,1.14,1,0.82,0.72,0.66,0.58,0.57,0.63,0.6,0.57,0.57,0.58,0.61,0.66,0.72,0.78,0.85,-1.25
-3.75,0.98,1.09,1.21,1.31,1.41,1.51,1.6,1.68,1.74,1.8,1.83,1.85,1.86,1.88,1.9,1.92,1.91,1.9,1.91,1.95,1.99,2.03,2.05,2.08,2.12,2.17,2.21,2.25,2.28,2.3,2.31,2.35,2.4,2.43,2.41,2.37,2.43,2.42,2.36,2.18,-999,-999,-999,-999,-999,-999,-999,-999,-999,-999,-999,-999,-999,-999,-999,-999,-999,1.3,1.16,1.2,1.25,1.29,1.33,1.37,1.39,1.39,1.39,1.41,1.42,1.42,1.42,1.37,1.36,1.35,1.36,1.39,-999,-999,-999,-999,-999,-999,-999,-999,-999,-999,-999,-999,1.5,1.68,1.54,1.58,1.56,1.56,1.57,1.56,1.54,1.52,1.54,1.56,1.57,1.55,1.55,1.56,1.58,1.58,1.57,1.56,1.56,1.58,1.59,1.6,-999,-999,-999,1.5,1.34,-999,-999,1.39,-999,1.01,-999,1.02,1,-999,-999,-999,-999,-999,1.01,0.83,0.83,0.76,0.87,0.85,0.82,0.8,0.78,0.76,0.73,0.76,0.81,0.89,-3.75
-6.25,0.78,0.86,0.94,1.01,1.11,1.22,1.33,1.43,1.51,1.58,1.63,1.67,1.69,1.71,1.73,1.74,1.74,1.75,1.77,1.78,1.79,1.8,1.81,1.84,1.89,1.94,2.01,2.08,2.14,2.19,2.24,2.3,2.36,2.38,2.35,2.31,2.27,2.26,2.31,-999,-999,-999,-999,-999,-999,-999,-999,-999,-999,-999,-999,-999,-999,-999,-999,-999,-999,-999,1.37,1.13,1.15,1.19,1.22,1.24,1.27,1.29,1.33,1.36,1.39,1.41,1.4,1.41,1.41,1.41,1.39,1.4,1.37,-999,-999,-999,-999,-999,-999,-999,-999,-999,-999,-999,1.46,1.58,1.59,1.52,1.46,1.45,1.46,1.44,1.38,1.35,1.37,1.44,1.47,1.52,1.55,1.54,1.53,1.53,1.53,1.51,1.48,1.44,1.4,1.41,1.44,1.5,-999,-999,1.44,1.37,1.29,1.26,1.05,0.96,1.11,1.11,1.15,1.17,1.22,-999,-999,-999,-999,-999,-999,1.15,1.15,1.2,1.2,1.17,1.13,1.05,0.96,0.86,0.8,0.77,-6.25
-8.75,0.86,0.8,0.79,0.79,0.78,0.8,0.86,0.93,1,1.08,1.16,1.24,1.3,1.37,1.42,1.45,1.48,1.51,1.54,1.55,1.57,1.57,1.59,1.62,1.67,1.75,1.85,1.97,2.12,2.27,2.38,2.46,2.5,2.5,2.46,2.38,2.3,2.23,2.23,2.24,-999,-999,-999,-999,-999,-999,-999,-999,-999,-999,-999,-999,-999,-999,-999,-999,-999,-999,1.52,1.15,1.14,1.11,1.1,1.11,1.13,1.15,1.2,1.27,1.34,1.41,1.43,1.44,1.45,1.45,1.43,1.44,1.46,-999,-999,-999,-999,-999,-999,-999,-999,-999,-999,-999,1.37,1.41,1.4,1.35,1.3,1.28,1.3,1.3,1.32,1.36,1.44,1.51,1.57,1.64,1.7,1.72,1.7,1.67,1.63,1.57,1.5,1.45,1.4,1.34,1.26,1.21,1.19,1.18,1.2,1.17,1.35,-999,-999,1.03,-999,1.27,1.3,1.34,1.42,1.52,-999,-999,-999,-999,1.22,1.34,1.34,1.39,1.48,1.44,1.41,1.37,1.3,1.21,1.07,0.96,-8.75
-11.25,1.11,1.03,0.97,0.91,0.83,0.75,0.74,0.77,0.8,0.89,1.02,1.14,1.22,1.31,1.37,1.43,1.46,1.49,1.52,1.53,1.54,1.54,1.53,1.54,1.58,1.65,1.76,1.9,2.07,2.26,2.43,2.57,2.61,2.59,2.53,2.48,2.44,2.35,2.29,2.25,2.14,-999,-999,-999,-999,-999,-999,-999,-999,-999,-999,-999,-999,-999,-999,-999,-999,-999,1.37,1.18,1.14,1.06,1.01,0.97,0.97,0.99,1.02,1.08,1.16,1.24,1.32,1.34,1.39,1.45,1.48,1.49,1.53,-999,-999,-999,-999,-999,-999,-999,-999,-999,-999,-999,-999,1.33,1.32,1.31,1.24,1.21,1.25,1.29,1.33,1.34,1.38,1.45,1.53,1.59,1.65,1.69,1.71,1.7,1.7,1.67,1.62,1.58,1.53,1.45,1.36,1.32,1.31,1.3,1.29,1.28,1.24,1.19,1.19,1.3,1.33,1.39,1.41,1.45,1.49,1.51,1.53,-999,1.38,1.36,1.29,1.37,1.45,1.46,1.46,1.45,1.47,1.49,1.48,1.4,1.28,1.17,-11.25
-13.75,1.24,1.17,1.09,1.02,0.94,0.87,0.82,0.8,0.79,0.83,0.94,1.08,1.19,1.26,1.34,1.4,1.45,1.49,1.52,1.53,1.53,1.52,1.51,1.5,1.51,1.56,1.68,1.83,2,2.17,2.34,2.48,2.56,2.58,2.56,2.55,2.53,2.47,2.37,2.3,2.17,-999,-999,-999,-999,-999,-999,-999,-999,-999,-999,-999,-999,-999,-999,-999,-999,1.54,1.25,1.17,1.11,1.02,0.93,0.85,0.81,0.8,0.83,0.88,0.94,1,1.09,1.19,1.29,1.36,1.46,1.51,1.52,-999,-999,-999,-999,-999,-999,-999,-999,-999,-999,-999,-999,1.3,1.32,-999,1.26,1.26,1.29,1.3,1.3,1.31,1.34,1.4,1.44,1.48,1.53,1.57,1.62,1.68,1.71,1.73,1.75,1.76,1.76,1.75,1.73,1.7,1.68,1.67,1.67,1.63,1.56,1.52,1.49,1.44,1.47,1.54,-999,-999,1.6,1.52,-999,-999,1.35,1.4,1.41,1.41,1.43,1.43,1.4,1.42,1.51,1.54,1.55,1.51,1.43,1.31,-13.75
-16.25,1.34,1.27,1.19,1.15,1.09,1.02,0.95,0.93,0.9,0.85,0.87,0.93,1.02,1.09,1.17,1.25,1.33,1.39,1.44,1.47,1.47,1.46,1.43,1.42,1.42,1.45,1.53,1.67,1.85,2,2.11,2.21,2.31,2.39,2.43,2.44,2.44,2.41,2.37,2.34,2.27,2.12,-999,-999,-999,-999,-999,-999,-999,-999,-999,-999,-999,-999,-999,-999,-999,1.43,1.27,1.17,1.06,0.96,0.87,0.79,0.72,0.67,0.65,0.65,0.69,0.75,0.81,0.91,1.09,1.27,1.42,1.51,-999,-999,-999,-999,-999,-999,-999,-999,-999,-999,-999,-999,1.3,1.43,-999,-999,1.26,1.29,1.33,1.35,1.35,1.35,1.38,1.38,1.37,1.4,1.45,1.51,1.54,1.6,1.68,1.78,1.85,1.91,1.95,1.98,2,2.03,2.06,2.05,2.02,1.98,1.91,1.79,1.68,-999,-999,-999,-999,-999,-999,1.64,-999,-999,1.45,1.55,1.55,1.49,1.48,1.51,1.51,1.5,1.52,1.57,1.59,1.55,1.48,1.41,-16.25
-18.75,1.46,1.41,1.29,1.19,1.16,1.15,1.13,1.11,1.05,0.99,0.94,0.93,0.97,1.01,1.07,1.14,1.22,1.27,1.32,1.36,1.4,1.44,1.43,1.37,1.33,1.31,1.31,1.36,1.43,1.51,1.61,1.73,1.84,1.94,2,2.04,2.09,2.14,2.19,2.23,2.28,2.27,2.26,2.21,-999,-999,-999,-999,-999,-999,-999,-999,-999,-999,-999,-999,1.91,1.68,1.35,1.24,1.12,0.99,0.89,0.81,0.73,0.66,0.62,0.59,0.58,0.58,0.62,0.7,0.84,1.03,1.27,1.51,-999,-999,-999,-999,-999,-999,-999,-999,-999,-999,-999,1.42,1.54,1.61,-999,-999,1.27,1.25,1.27,1.32,1.33,1.32,1.35,1.36,1.33,1.33,1.38,1.44,1.49,1.56,1.65,1.77,1.85,1.94,2.01,2.06,2.11,2.17,2.23,2.23,2.19,2.16,2.07,1.9,1.79,-999,-999,-999,-999,-999,-999,-999,-999,-999,-999,1.51,1.59,1.63,1.62,1.61,1.59,1.6,1.62,1.63,1.64,1.62,1.55,1.53,-18.75
-21.25,1.5,1.46,1.38,1.29,1.24,1.23,1.23,1.24,1.21,1.15,1.11,1.07,1.08,1.07,1.1,1.14,1.22,1.31,1.35,1.38,1.42,1.46,1.48,1.47,1.41,1.37,1.33,1.3,1.26,1.24,1.26,1.34,1.43,1.48,1.53,1.58,1.62,1.67,1.77,1.94,2.11,2.24,2.36,2.32,-999,-999,-999,-999,-999,-999,-999,-999,-999,-999,-999,-999,2.08,1.72,1.5,1.34,1.22,1.11,0.98,0.89,0.82,0.74,0.67,0.61,0.58,0.55,0.54,0.56,0.62,0.73,0.96,1.28,1.57,-999,-999,-999,-999,-999,-999,-999,-999,-999,1.57,1.72,1.84,-999,-999,-999,1.49,1.42,1.37,1.35,1.33,1.3,1.29,1.28,1.25,1.24,1.26,1.32,1.39,1.47,1.56,1.67,1.77,1.89,2,2.09,2.15,2.22,2.28,2.32,2.29,2.24,-999,-999,-999,-999,-999,-999,-999,-999,-999,-999,-999,-999,-999,-999,-999,1.63,1.71,1.7,1.67,1.65,-999,1.67,1.64,1.61,1.58,1.54,-21.25
-23.75,1.64,1.59,1.53,1.48,1.43,1.39,1.35,1.32,1.32,1.3,1.26,1.2,1.17,1.14,1.11,1.14,1.21,1.28,1.34,1.39,1.43,1.46,1.5,1.52,1.52,1.49,1.43,1.38,1.34,1.3,1.26,1.26,1.28,1.3,1.33,1.35,1.37,1.4,1.48,1.63,1.83,2.08,2.36,2.46,-999,-999,-999,-999,-999,-999,-999,-999,-999,-999,1.99,1.98,1.99,1.78,1.67,1.51,1.38,1.26,1.13,0.99,0.88,0.78,0.69,0.62,0.59,0.56,0.54,0.52,0.53,0.57,0.72,1.04,1.48,-999,-999,-999,-999,-999,-999,-999,-999,-999,1.65,1.83,1.97,-999,-999,1.66,1.72,1.69,1.64,1.57,1.46,1.38,1.34,1.32,1.29,1.27,1.26,1.26,1.29,1.36,1.43,1.51,1.62,1.76,1.9,2.01,2.07,2.11,2.17,2.25,2.26,-999,-999,-999,-999,-999,-999,-999,-999,-999,-999,-999,-999,-999,-999,-999,-999,1.69,1.75,1.72,1.7,1.71,1.7,1.71,1.71,1.7,1.68,1.67,-23.75
-26.25,1.8,1.76,1.73,1.7,1.65,1.58,1.51,1.42,1.39,1.41,1.36,1.3,1.23,1.2,1.18,1.18,1.19,1.22,1.25,1.29,1.35,1.39,1.43,1.44,1.44,1.42,1.39,1.38,1.35,1.3,1.28,1.26,1.27,1.29,1.31,1.3,1.31,1.33,1.38,1.47,1.66,1.98,2.36,2.56,-999,-999,-999,-999,-999,-999,-999,-999,-999,1.92,1.97,1.87,1.78,1.73,1.66,1.57,1.49,1.37,1.26,1.14,0.98,0.84,0.75,0.66,0.58,0.54,0.53,0.55,0.53,0.54,0.57,0.73,1.14,1.65,-999,-999,-999,-999,-999,-999,-999,1.77,1.68,1.97,1.99,1.95,1.74,1.69,1.78,1.85,1.85,1.77,1.67,1.6,1.55,1.51,1.47,1.46,1.44,1.39,1.36,1.35,1.35,1.35,1.41,1.55,1.71,1.85,1.94,1.98,2.02,2.11,2.16,-999,-999,-999,-999,-999,-999,-999,-999,-999,-999,-999,-999,-999,-999,-999,-999,-999,1.86,1.91,1.86,1.84,1.83,1.84,1.89,1.9,1.87,1.83,-26.25
-28.75,1.95,1.93,1.91,1.87,1.82,1.77,1.69,1.61,1.52,1.47,1.44,1.38,1.32,1.24,1.21,1.22,1.22,1.21,1.22,1.25,1.29,1.35,1.36,1.36,1.34,1.3,1.28,1.29,1.3,1.31,1.29,1.23,1.22,1.23,1.26,1.27,1.27,1.26,1.26,1.32,1.5,1.89,2.37,-999,-999,-999,-999,-999,-999,-999,-999,-999,-999,1.85,1.74,1.68,1.62,1.59,1.58,1.52,1.47,1.4,1.28,1.2,1.11,0.97,0.86,0.74,0.66,0.58,0.52,0.54,0.56,0.57,0.56,0.57,0.69,1.03,-999,-999,-999,-999,-999,-999,-999,1.69,1.86,1.86,1.88,1.85,1.81,1.77,1.77,1.84,1.9,1.9,1.85,1.79,1.74,1.69,1.66,1.62,1.57,1.51,1.44,1.38,1.3,1.24,1.23,1.31,1.5,1.7,1.87,1.92,1.87,1.89,2.01,-999,-999,-999,-999,-999,-999,-999,-999,-999,-999,-999,-999,-999,-999,-999,-999,-999,1.9,2,1.98,1.96,1.96,2.02,2.06,2.06,2.02,1.98,-28.75
-31.25,1.98,1.97,1.95,1.91,1.89,1.88,1.83,1.75,1.63,1.52,1.47,1.44,1.37,1.3,1.27,1.27,1.29,1.28,1.26,1.26,1.29,1.32,1.37,1.37,1.35,1.3,1.24,1.21,1.22,1.21,1.18,1.18,1.21,1.25,1.25,1.23,1.19,1.15,1.14,1.23,1.37,1.7,2.17,-999,-999,-999,-999,-999,-999,-999,-999,-999,1.65,1.63,1.53,1.54,1.48,1.43,1.42,1.4,1.36,1.33,1.25,1.1,0.98,0.88,0.79,0.72,0.68,0.65,0.64,0.62,0.63,0.65,0.65,0.62,0.61,0.64,0.83,-999,-999,-999,-999,-999,1.62,1.71,2.27,2.02,1.76,1.7,1.7,1.69,1.7,1.71,1.74,1.79,1.78,1.7,1.67,1.69,1.68,1.59,1.47,1.39,1.32,1.27,1.22,1.16,1.11,1.18,1.35,1.57,1.79,1.92,1.82,1.74,1.86,2.01,-999,-999,-999,-999,-999,-999,-999,-999,-999,-999,-999,-999,-999,-999,-999,-999,1.96,2.04,2.02,1.98,2,2.04,2.06,2.06,2.04,2.02,-31.25
-33.75,1.89,1.88,1.87,1.82,1.78,1.8,1.83,1.8,1.69,1.57,1.5,1.49,1.41,1.29,1.24,1.22,1.25,1.32,1.35,1.35,1.36,1.37,1.37,1.37,1.36,1.37,1.33,1.29,1.3,1.28,1.23,1.19,1.21,1.24,1.24,1.17,1.12,1.09,1.1,1.21,1.35,1.6,1.95,-999,-999,-999,-999,-999,-999,-999,-999,1.46,1.58,1.36,1.44,1.48,1.44,1.37,1.31,1.28,1.24,1.19,1.07,0.9,0.76,0.65,0.58,0.6,0.63,0.65,0.68,0.72,0.82,0.89,0.83,0.77,0.71,0.66,0.59,-999,-999,-999,-999,1.36,1.26,1.68,2.1,2.11,1.97,1.87,1.77,1.63,1.55,1.52,1.56,1.58,1.52,1.41,1.35,1.39,1.42,1.36,1.26,1.19,1.13,1.09,1.05,1.06,1.08,1.16,1.31,1.54,1.78,1.92,1.89,1.81,1.87,1.96,-999,-999,-999,-999,2.11,2.11,2.11,2.12,-999,-999,-999,-999,-999,-999,-999,2.17,2.15,2.22,2.18,2.06,2,2,1.88,1.86,1.89,1.92,-33.75
-36.25,1.76,1.7,1.65,1.6,1.56,1.57,1.61,1.66,1.63,1.54,1.46,1.36,1.28,1.2,1.1,1.07,1.07,1.14,1.27,1.35,1.41,1.46,1.46,1.48,1.47,1.44,1.4,1.34,1.32,1.35,1.35,1.29,1.29,1.3,1.26,1.23,1.17,1.11,1.07,1.12,1.28,1.55,1.85,-999,-999,-999,-999,-999,-999,1.19,1.35,1.43,1.17,1.11,1.2,1.25,1.24,1.21,1.16,1.11,1.06,0.99,0.91,0.84,0.79,0.74,0.67,0.66,0.68,0.72,0.75,0.81,0.93,1,0.98,0.96,0.93,0.86,0.81,0.83,0.85,0.97,0.93,0.9,1.21,1.77,2.08,2.14,2.14,2.12,2.06,1.95,1.76,1.62,1.57,1.5,1.37,1.24,1.17,1.14,1.12,1.1,1.07,1.04,1.03,1.03,0.99,0.97,1,1.08,1.2,1.43,1.69,1.81,1.78,1.75,1.72,1.7,1.7,1.79,1.96,2.12,2.18,2.17,2.13,2.1,-999,2.12,-999,-999,-999,-999,2.61,2.46,2.34,2.27,2.14,2.03,1.89,1.75,1.63,-999,-999,1.78,-36.25
-38.75,1.58,1.47,1.39,1.32,1.28,1.21,1.25,1.3,1.32,1.3,1.24,1.14,1.04,0.97,0.91,0.88,0.91,1.03,1.19,1.32,1.4,1.48,1.58,1.63,1.63,1.57,1.51,1.48,1.45,1.47,1.49,1.47,1.44,1.45,1.43,1.38,1.31,1.25,1.14,1.11,1.2,1.43,-999,-999,-999,-999,-999,-999,-999,1.11,1.42,1.29,1.2,1.14,1.15,1.18,1.16,1.14,1.11,1.08,1.02,0.97,0.9,0.89,0.87,0.79,0.76,0.77,0.77,0.79,0.77,0.82,0.96,0.97,0.92,0.94,0.91,0.74,0.68,0.61,0.62,0.71,0.9,1.07,1.25,1.51,1.75,1.84,1.9,1.98,2.01,1.99,1.9,1.78,1.7,1.65,1.5,1.35,1.26,1.16,1.06,0.99,0.99,0.96,0.93,0.93,0.96,0.98,1,1.05,1.13,1.26,1.42,1.54,1.62,1.63,1.59,1.56,1.59,1.67,1.79,1.97,2.1,2.13,2.08,2.04,1.97,1.97,2.04,2.14,-999,2.83,3.01,2.54,2.27,2.07,1.93,1.83,1.71,1.53,1.46,-999,-999,-999,-38.75
-41.25,1.14,1.06,0.99,0.96,0.98,0.96,0.95,0.94,0.96,0.96,0.95,0.87,0.79,0.8,0.81,0.84,0.92,1.05,1.22,1.37,1.46,1.55,1.64,1.73,1.75,1.71,1.68,1.65,1.62,1.6,1.63,1.62,1.56,1.58,1.58,1.53,1.45,1.37,1.28,1.24,1.22,1.35,-999,-999,-999,-999,-999,0.95,0.9,1.37,1.52,1.44,1.48,1.44,1.37,1.33,1.33,1.3,1.26,1.25,1.19,1.18,1.16,1.24,1.38,1.48,0.78,0.81,0.95,0.98,1.02,1.03,0.91,0.93,1,0.97,1.01,0.99,1.09,1.25,1.31,1.36,1.36,1.34,1.38,1.55,1.72,1.74,1.59,1.59,1.67,1.71,1.68,1.64,1.57,1.6,1.55,1.43,1.32,1.27,1.16,1.04,0.98,0.95,0.93,0.88,0.9,0.97,1.02,1.08,1.16,1.28,1.38,1.47,1.54,1.59,1.61,1.63,1.63,1.65,1.67,1.74,1.84,1.93,1.96,1.95,1.94,1.98,2.08,2.31,-999,2.72,2.81,2.36,2.1,1.88,1.75,1.63,1.51,1.39,1.39,-999,-999,1.26,-41.25
-43.75,0.81,0.74,0.65,0.57,0.63,0.65,0.63,0.61,0.64,0.67,0.69,0.71,0.72,0.72,0.76,0.86,1,1.15,1.31,1.45,1.57,1.68,1.76,1.8,1.82,1.78,1.71,1.7,1.69,1.67,1.67,1.73,1.66,1.61,1.6,1.55,1.52,1.51,1.49,1.46,1.41,1.42,1.51,-999,-999,-999,1.11,1.05,1.03,1.43,1.71,1.29,1.4,1.42,1.23,1.32,1.3,1.33,1.29,1.33,1.34,1.2,1.31,1.59,1.94,2.39,1.71,0.99,1.07,1.16,1.24,1.36,1.31,1.17,1.09,1.04,1.1,1.13,1.24,1.32,1.38,1.45,1.44,1.45,1.55,1.69,1.76,1.7,1.58,1.42,1.45,1.65,1.76,1.74,1.49,1.53,1.52,1.37,1.23,1.28,1.25,1.19,1.11,1.04,1.01,1,1,1.05,1.12,1.17,1.22,1.33,1.43,1.5,1.56,1.6,1.62,1.65,1.67,1.67,1.69,1.72,1.75,1.76,1.75,1.77,1.86,1.99,2.16,2.31,2.47,2.64,2.37,2.09,1.92,1.74,1.61,1.49,1.39,-999,-999,1.52,1.5,1.13,-43.75
-46.25,0.88,0.68,0.62,0.58,0.51,0.5,0.48,0.45,0.45,0.48,0.48,0.48,0.5,0.56,0.67,0.79,0.91,1.05,1.2,1.33,1.46,1.57,1.67,1.76,1.8,1.81,1.76,1.71,1.7,1.67,1.65,1.65,1.62,1.59,1.59,1.58,1.57,1.57,1.59,1.59,1.54,1.52,-999,-999,-999,1.4,1.29,1.25,1.19,1.15,1.21,1.12,1.36,1.31,1.14,1.17,1.05,1.09,1.06,0.96,1.12,1.08,1.08,1.24,1.66,2.04,2.14,2.06,1.79,1.74,1.67,1.47,1.59,1.61,1.46,1.25,1.15,1.25,1.33,1.36,1.36,1.42,1.43,1.51,1.63,1.7,1.71,1.61,1.53,1.56,1.61,1.68,1.75,1.72,1.55,1.62,1.64,1.55,1.53,1.49,1.46,1.41,1.32,1.28,1.13,1.09,1.1,1.18,1.33,1.43,1.42,1.44,1.47,1.54,1.59,1.62,1.68,1.71,1.71,1.72,1.73,1.75,1.77,1.79,1.8,1.75,1.66,1.63,1.73,1.85,1.92,1.87,1.73,1.67,1.6,1.52,1.48,1.45,1.38,-999,1.39,1.53,1.38,1.16,-46.25
-48.75,1.03,0.89,0.75,0.66,0.63,0.69,0.7,0.6,0.71,0.73,0.67,0.53,0.49,0.51,0.53,0.64,0.76,0.89,1.12,1.3,1.4,1.45,1.49,1.56,1.62,1.67,1.67,1.64,1.64,1.63,1.63,1.63,1.62,1.59,1.6,1.6,1.59,1.57,1.6,1.63,1.59,1.56,-999,-999,-999,-999,1.5,1.42,1.3,1.24,1.23,1.25,1.22,1.21,1.25,1.2,1.15,1.04,1.01,1.03,1.01,1.07,1.17,1.32,1.46,1.8,2.08,2.16,1.56,1.5,1.79,1.7,1.75,1.73,1.67,1.58,1.21,1.3,1.25,1.31,1.31,1.34,1.47,1.48,1.53,1.6,1.69,1.63,1.54,1.47,1.44,1.5,1.61,1.67,1.63,1.6,1.64,1.59,1.52,1.46,1.45,1.45,1.41,1.34,1.03,1.08,1.18,1.24,1.38,1.5,1.55,1.6,1.67,1.74,1.73,1.72,1.72,1.7,1.68,1.69,1.69,1.68,1.72,1.78,1.88,1.94,1.81,1.52,1.28,1.29,1.28,1.27,1.26,1.22,1.19,1.2,1.2,1.23,1.25,1.2,1.24,1.13,1.05,1.04,-48.75
-51.25,0.77,0.7,0.56,0.39,0.42,0.44,0.35,0.35,0.44,0.54,0.5,0.55,0.55,0.48,0.48,0.48,0.52,0.64,0.96,1.3,1.37,1.45,1.48,1.54,1.58,1.54,1.56,1.54,1.55,1.56,1.59,1.6,1.6,1.58,1.58,1.56,1.55,1.53,1.55,1.61,1.59,1.54,-999,-999,-999,1.61,1.62,1.53,-999,1.37,1.28,1.25,1.27,1.27,1.27,1.3,1.31,1.19,1.08,1.06,0.99,1.07,1.23,1.29,1.26,1.25,1.45,1.74,1.34,1.15,1.3,1.3,1.37,1.4,1.41,1.46,1.56,1.24,1.15,1.19,1.22,1.26,1.44,1.54,1.54,1.52,1.6,1.64,1.58,1.49,1.39,1.45,1.52,1.55,1.55,1.57,1.62,1.63,1.61,1.6,1.61,1.62,1.98,1.51,1.23,1.22,1.11,1.26,1.53,1.53,1.49,1.51,1.59,1.71,1.79,1.84,1.85,1.83,1.77,1.72,1.65,1.62,1.64,1.67,1.72,1.73,1.71,1.67,1.45,1.39,1.35,1.2,1.13,1.06,1.02,1.04,1.03,1.02,0.98,0.95,0.9,0.86,0.83,0.82,-51.25
-53.75,0.7,0.63,0.49,0.35,0.32,0.33,0.23,0.18,0.19,0.18,0.23,0.35,0.39,0.39,0.45,0.62,0.72,0.71,0.8,1.03,1.24,1.43,1.44,1.45,1.47,1.49,1.55,1.51,1.54,1.57,1.58,1.62,1.61,1.59,1.55,1.52,1.5,1.47,1.45,1.46,1.48,1.46,1.48,-999,-999,1.57,1.5,1.47,1.42,1.37,1.31,1.28,1.28,1.28,1.25,1.24,1.2,1.16,1.13,1.12,1.08,1.13,1.23,1.25,1.2,1.08,1.06,1.09,1.03,0.96,0.97,0.94,0.92,0.91,0.91,1.01,1.15,1.16,1.17,1.22,1.24,1.24,1.23,1.4,1.48,1.48,1.56,1.59,1.54,1.52,1.51,1.52,1.52,1.5,1.52,1.55,1.6,1.65,1.68,1.71,1.72,1.77,1.87,1.69,1.62,1.64,1.48,1.34,1.45,1.67,1.85,1.86,1.75,1.8,1.88,1.92,1.96,1.9,1.78,1.73,1.67,1.58,1.58,1.6,1.6,1.6,1.58,1.57,1.65,1.69,1.53,1.29,1.25,1.22,1.2,1.21,1.08,0.89,0.88,0.85,0.83,0.81,0.78,0.75,-53.75
-56.25,0.68,0.61,0.51,0.4,0.29,0.25,0.17,0.11,0.1,0.1,0.19,0.31,0.49,0.63,0.58,0.62,0.77,0.97,1.15,1.14,1.18,1.3,1.35,1.39,1.43,1.46,1.51,1.58,1.64,1.64,1.63,1.63,1.6,1.58,1.55,1.51,1.47,1.44,1.42,1.38,1.37,1.34,1.33,1.37,1.38,1.34,1.33,1.29,1.31,1.34,1.33,1.29,1.29,1.27,1.2,1.12,1.05,1.03,1,1.03,1.11,1.14,1.13,1.09,1.07,1.03,0.96,0.93,0.91,0.85,0.8,0.75,0.74,0.76,0.83,1,1.2,1.34,1.37,1.4,1.39,1.34,1.37,1.42,1.38,1.4,1.45,1.49,1.51,1.55,1.57,1.57,1.55,1.52,1.54,1.58,1.65,1.74,1.81,1.86,1.9,1.93,1.72,1.49,1.29,1.33,1.28,1.44,1.5,1.49,1.75,1.99,2.11,2.13,2.03,2.05,1.98,1.81,1.76,1.79,1.74,1.66,1.64,1.62,1.61,1.61,1.55,1.5,1.47,1.44,1.27,1.08,1.2,1.21,1.23,1.25,1.1,0.76,0.64,0.73,0.8,0.75,0.7,0.7,-56.25
-58.75,0.57,0.53,0.53,0.46,0.39,0.36,0.26,0.14,0.1,0.18,0.34,0.55,0.77,0.93,0.94,0.9,1.01,1.29,1.49,1.5,1.43,1.4,1.38,1.39,1.4,1.43,1.49,1.58,1.62,1.62,1.59,1.56,1.54,1.53,1.49,1.48,1.46,1.44,1.42,1.38,1.34,1.3,1.26,1.24,1.33,1.57,1.68,1.65,1.61,1.54,1.48,1.42,1.28,1.09,1.04,0.97,0.89,0.81,0.77,0.77,0.85,1,1.1,1.01,0.94,0.9,0.89,0.85,0.8,0.76,0.72,0.71,0.73,0.86,1.07,1.34,1.59,1.72,1.71,1.65,1.58,1.5,1.49,1.48,1.51,1.51,1.51,1.51,1.54,1.56,1.6,1.63,1.64,1.61,1.62,1.67,1.73,1.84,1.93,2.02,1.97,1.36,1.12,1.13,1.05,1.07,1.08,1.21,1.29,1.39,1.58,1.77,2,2.23,2.26,2.19,2.12,2.09,2.03,1.99,1.96,1.9,1.84,1.77,1.67,1.6,1.55,1.52,1.5,1.49,1.38,0.96,0.8,0.89,0.92,0.99,0.98,0.79,0.68,0.78,0.75,0.72,0.71,0.68,-58.75
-61.25,0.48,0.42,0.38,0.28,0.2,0.2,0.17,0.16,0.2,0.31,0.48,0.68,0.88,1.09,1.24,1.3,1.34,1.42,1.51,1.59,1.64,1.57,1.51,1.53,1.55,1.53,1.51,1.56,1.62,1.61,1.59,1.57,1.57,1.56,1.53,1.48,1.45,1.43,1.42,1.39,1.35,1.33,1.34,1.35,1.51,1.67,1.7,1.66,1.58,1.38,1.05,0.91,0.83,0.7,0.58,0.5,0.45,0.43,0.42,0.44,0.44,0.41,0.39,0.39,0.38,0.37,0.38,0.4,0.42,0.47,0.57,0.72,0.89,1.08,1.27,1.48,1.68,1.86,1.99,2.09,2.1,2.02,1.95,1.92,1.89,1.86,1.82,1.78,1.76,1.74,1.73,1.74,1.74,1.72,1.75,1.79,1.83,1.9,2,2.09,1.89,1.29,0.87,0.76,0.74,0.74,0.68,0.74,0.87,1,1.12,1.23,1.36,1.47,1.5,1.59,1.71,1.78,1.8,1.85,1.91,1.9,1.81,1.69,1.59,1.51,1.44,1.41,1.38,1.28,1.22,0.98,0.54,0.4,0.35,0.41,0.57,0.63,0.62,0.66,0.7,0.71,0.65,0.58,-61.25
-63.75,0.35,0.24,0.1,-0.01,-0.04,-0.01,0.05,0.11,0.19,0.29,0.39,0.51,0.7,0.94,1.21,1.41,1.52,1.64,1.75,1.85,1.93,1.95,1.94,1.93,1.93,1.93,1.94,1.98,2.01,1.99,1.93,1.91,1.9,1.87,1.83,1.76,1.67,1.61,1.58,1.55,1.49,1.43,1.39,1.41,1.52,1.66,-999,-999,-999,0.88,0.87,0.81,0.72,0.61,0.51,0.42,0.35,0.31,0.3,0.27,0.24,0.22,0.22,0.21,0.21,0.22,0.22,0.25,0.3,0.41,0.55,0.71,0.86,0.99,1.14,1.3,1.47,1.65,1.8,1.99,2.17,2.26,2.28,2.27,2.18,2.05,1.94,1.88,1.83,1.78,1.73,1.67,1.6,1.54,1.54,1.55,1.53,1.44,1.34,1.3,1.23,1.05,0.86,0.72,0.65,0.62,0.56,0.55,0.62,0.64,0.62,0.58,0.53,0.51,0.52,0.59,0.66,0.7,0.72,0.79,0.89,0.94,0.94,0.92,0.9,0.83,0.74,0.76,0.79,0.74,0.66,0.51,0.39,0.36,0.38,0.4,0.36,0.36,0.41,0.48,0.51,0.47,0.4,0.37,-63.75
-66.25,0.06,0.03,0.01,0.03,0.07,0.12,0.16,0.21,0.24,0.27,0.32,0.4,0.52,0.67,0.83,0.98,1.11,1.13,1.13,1.14,1.15,1.15,1.18,1.22,1.27,1.32,1.36,1.4,1.47,1.56,1.62,1.65,1.68,1.67,1.63,1.58,1.53,1.46,1.35,1.21,1.11,1.09,1.12,1.23,1.48,-999,-999,-999,0.85,0.85,0.79,0.69,0.56,0.44,0.38,0.35,0.35,0.34,0.33,0.31,0.3,0.29,0.28,0.27,0.27,0.26,0.26,0.3,0.37,0.46,0.55,0.63,0.7,0.8,0.91,1.03,1.12,1.18,1.28,1.45,1.64,1.75,1.8,1.79,1.71,1.5,1.36,1.43,1.41,1.27,1.15,1.07,-999,-999,-999,0.62,0.54,0.5,0.49,0.55,0.58,0.54,0.51,0.51,0.47,0.44,-999,-999,0.27,-999,-999,-999,-999,-999,-999,0.34,-999,-999,-999,0.51,0.49,0.44,-999,0.33,-999,-999,-999,0.24,0.22,0.22,0.23,0.3,0.33,0.36,0.36,0.37,0.4,0.41,0.41,0.38,0.33,0.26,0.16,0.07,-66.25
-68.75,0.31,0.29,0.27,0.24,0.23,0.21,0.2,0.17,0.14,0.13,0.14,0.18,0.22,0.27,0.32,0.36,0.38,0.38,0.37,0.37,0.36,0.38,0.42,0.45,0.49,0.54,0.58,0.63,0.68,0.72,0.75,0.79,0.83,0.84,0.8,0.74,0.7,0.66,0.65,0.67,0.73,0.83,0.96,-999,-999,-999,-999,-999,0.45,0.45,0.44,0.43,0.4,0.36,0.34,0.33,0.33,0.34,0.36,0.38,0.39,0.41,0.43,0.46,0.5,0.54,0.6,0.7,0.82,0.9,0.95,0.97,0.97,0.98,0.98,1.01,1.04,1.1,1.13,1.14,1.19,1.23,1.23,1.2,-999,-999,-999,0.9,-999,-999,-999,-999,-999,-999,-999,-999,-999,-999,-999,-999,-999,-999,0.24,-999,-999,-999,-999,-999,-999,-999,-999,-999,-999,-999,-999,-999,-999,-999,-999,-999,-999,-999,-999,-999,-999,-999,-999,-999,-999,-999,-999,-999,-999,-999,-999,0.14,0.19,0.21,0.24,0.26,0.33,0.35,0.35,0.33,-68.75
-71.25,0.29,0.27,0.25,0.24,0.22,0.19,0.16,0.12,0.08,0.04,0.01,0,0,0.01,0.01,0.02,0.03,0.04,0.06,0.11,0.13,0.12,0.11,0.09,0.08,0.08,0.09,0.14,0.24,0.37,0.42,0.41,-999,-999,0.4,0.47,0.44,0.4,0.4,0.44,0.53,0.53,-999,-999,-999,-999,-999,-999,0.19,0.22,0.23,0.24,0.25,0.26,0.28,0.31,0.35,0.38,0.4,0.43,0.47,0.51,0.55,0.59,0.63,0.65,0.64,-999,-999,-999,-999,-999,-999,-999,-999,-999,-999,-999,-999,-999,-999,-999,-999,-999,-999,-999,-999,-999,-999,-999,-999,-999,-999,-999,-999,-999,-999,-999,-999,-999,-999,-999,-999,-999,-999,-999,-999,-999,-999,-999,-999,-999,-999,-999,-999,-999,-999,-999,-999,-999,-999,-999,-999,-999,-999,-999,-999,-999,-999,-999,-999,-999,-999,-999,-999,-999,-999,-999,-999,-999,0.04,0.06,0.15,0.25,-71.25
-73.75,0.09,0.19,0.22,0.21,0.18,0.1,0.02,-0.04,-0.07,-0.1,-0.11,-0.12,-0.11,-0.1,-0.08,-0.07,-0.07,-0.06,-0.06,-0.07,-0.07,-999,-999,-999,-999,-999,-999,-0.22,-0.14,-0.05,-0.02,-999,-999,-999,-999,-999,-999,-999,-999,-999,-999,-999,-999,-999,-999,-999,-999,-999,0.19,0.15,0.12,0.12,0.14,0.17,0.22,0.26,0.31,0.36,0.4,0.43,0.46,0.48,-999,-999,-999,-999,-999,-999,-999,-999,-999,-999,-999,-999,-999,-999,-999,-999,-999,-999,-999,-999,-999,-999,-999,-999,-999,-999,-999,-999,-999,-999,-999,-999,-999,-999,-999,-999,-999,-999,-999,-999,-999,-999,-999,-999,-999,-999,-999,-999,-999,-999,-999,-999,-999,-999,-999,-999,-999,-999,-999,-999,-999,-999,-999,-999,-999,-999,-999,-999,-999,-999,-999,-999,-999,-999,-999,-999,-999,-999,0.09,0.08,0.07,0.06,-73.75
-76.25,0.12,0.12,0.13,0.16,0.15,0.08,0,-0.07,-0.1,-0.13,-0.15,-0.14,-999,-999,-999,-999,-999,-999,-999,-999,-999,-999,-999,-999,-999,-999,-999,-999,-999,-999,-999,-999,-999,-999,-999,-999,-999,-999,-999,-999,-999,-999,-999,-999,-999,-999,-999,-999,-999,-999,-999,-999,0.08,0.1,0.13,0.17,0.22,0.28,0.34,0.39,-999,-999,-999,-999,-999,-999,-999,-999,-999,-999,-999,-999,-999,-999,-999,-999,-999,-999,-999,-999,-999,-999,-999,-999,-999,-999,-999,-999,-999,-999,-999,-999,-999,-999,-999,-999,-999,-999,-999,-999,-999,-999,-999,-999,-999,-999,-999,-999,-999,-999,-999,-999,-999,-999,-999,-999,-999,-999,-999,-999,-999,-999,-999,-999,-999,-999,-999,-999,-999,-999,-999,-999,-999,-999,-999,-999,-999,-999,0.19,0.21,0.22,0.21,0.18,0.15,-76.25
-78.75,-999,-999,-999,-999,-999,-999,-999,-999,-999,-999,-999,-999,-999,-999,-999,-999,-999,-999,-999,-999,-999,-999,-999,-999,-999,-999,-999,-999,-999,-999,-999,-999,-999,-999,-999,-999,-999,-999,-999,-999,-999,-999,-999,-999,-999,-999,-999,-999,-999,-999,-999,-999,-999,-999,-999,-999,-999,-999,-999,-999,-999,-999,-999,-999,-999,-999,-999,-999,-999,-999,-999,-999,-999,-999,-999,-999,-999,-999,-999,-999,-999,-999,-999,-999,-999,-999,-999,-999,-999,-999,-999,-999,-999,-999,-999,-999,-999,-999,-999,-999,-999,-999,-999,-999,-999,-999,-999,-999,-999,-999,-999,-999,-999,-999,-999,-999,-999,-999,-999,-999,-999,-999,-999,-999,-999,-999,-999,-999,-999,-999,-999,-999,-999,-999,-999,-999,-999,-999,-999,-999,-999,-999,-999,-999,-78.75
-81.25,-999,-999,-999,-999,-999,-999,-999,-999,-999,-999,-999,-999,-999,-999,-999,-999,-999,-999,-999,-999,-999,-999,-999,-999,-999,-999,-999,-999,-999,-999,-999,-999,-999,-999,-999,-999,-999,-999,-999,-999,-999,-999,-999,-999,-999,-999,-999,-999,-999,-999,-999,-999,-999,-999,-999,-999,-999,-999,-999,-999,-999,-999,-999,-999,-999,-999,-999,-999,-999,-999,-999,-999,-999,-999,-999,-999,-999,-999,-999,-999,-999,-999,-999,-999,-999,-999,-999,-999,-999,-999,-999,-999,-999,-999,-999,-999,-999,-999,-999,-999,-999,-999,-999,-999,-999,-999,-999,-999,-999,-999,-999,-999,-999,-999,-999,-999,-999,-999,-999,-999,-999,-999,-999,-999,-999,-999,-999,-999,-999,-999,-999,-999,-999,-999,-999,-999,-999,-999,-999,-999,-999,-999,-999,-999,-81.25
-83.75,-999,-999,-999,-999,-999,-999,-999,-999,-999,-999,-999,-999,-999,-999,-999,-999,-999,-999,-999,-999,-999,-999,-999,-999,-999,-999,-999,-999,-999,-999,-999,-999,-999,-999,-999,-999,-999,-999,-999,-999,-999,-999,-999,-999,-999,-999,-999,-999,-999,-999,-999,-999,-999,-999,-999,-999,-999,-999,-999,-999,-999,-999,-999,-999,-999,-999,-999,-999,-999,-999,-999,-999,-999,-999,-999,-999,-999,-999,-999,-999,-999,-999,-999,-999,-999,-999,-999,-999,-999,-999,-999,-999,-999,-999,-999,-999,-999,-999,-999,-999,-999,-999,-999,-999,-999,-999,-999,-999,-999,-999,-999,-999,-999,-999,-999,-999,-999,-999,-999,-999,-999,-999,-999,-999,-999,-999,-999,-999,-999,-999,-999,-999,-999,-999,-999,-999,-999,-999,-999,-999,-999,-999,-999,-999,-83.75
-86.25,-999,-999,-999,-999,-999,-999,-999,-999,-999,-999,-999,-999,-999,-999,-999,-999,-999,-999,-999,-999,-999,-999,-999,-999,-999,-999,-999,-999,-999,-999,-999,-999,-999,-999,-999,-999,-999,-999,-999,-999,-999,-999,-999,-999,-999,-999,-999,-999,-999,-999,-999,-999,-999,-999,-999,-999,-999,-999,-999,-999,-999,-999,-999,-999,-999,-999,-999,-999,-999,-999,-999,-999,-999,-999,-999,-999,-999,-999,-999,-999,-999,-999,-999,-999,-999,-999,-999,-999,-999,-999,-999,-999,-999,-999,-999,-999,-999,-999,-999,-999,-999,-999,-999,-999,-999,-999,-999,-999,-999,-999,-999,-999,-999,-999,-999,-999,-999,-999,-999,-999,-999,-999,-999,-999,-999,-999,-999,-999,-999,-999,-999,-999,-999,-999,-999,-999,-999,-999,-999,-999,-999,-999,-999,-999,-86.25
-88.75,-999,-999,-999,-999,-999,-999,-999,-999,-999,-999,-999,-999,-999,-999,-999,-999,-999,-999,-999,-999,-999,-999,-999,-999,-999,-999,-999,-999,-999,-999,-999,-999,-999,-999,-999,-999,-999,-999,-999,-999,-999,-999,-999,-999,-999,-999,-999,-999,-999,-999,-999,-999,-999,-999,-999,-999,-999,-999,-999,-999,-999,-999,-999,-999,-999,-999,-999,-999,-999,-999,-999,-999,-999,-999,-999,-999,-999,-999,-999,-999,-999,-999,-999,-999,-999,-999,-999,-999,-999,-999,-999,-999,-999,-999,-999,-999,-999,-999,-999,-999,-999,-999,-999,-999,-999,-999,-999,-999,-999,-999,-999,-999,-999,-999,-999,-999,-999,-999,-999,-999,-999,-999,-999,-999,-999,-999,-999,-999,-999,-999,-999,-999,-999,-999,-999,-999,-999,-999,-999,-999,-999,-999,-999,-999,-88.75
1,-178.75,-176.25,-173.75,-171.25,-168.75,-166.25,-163.75,-161.25,-158.75,-156.25,-153.75,-151.25,-148.75,-146.25,-143.75,-141.25,-138.75,-136.25,-133.75,-131.25,-128.75,-126.25,-123.75,-121.25,-118.75,-116.25,-113.75,-111.25,-108.75,-106.25,-103.75,-101.25,-98.75,-96.25,-93.75,-91.25,-88.75,-86.25,-83.75,-81.25,-78.75,-76.25,-73.75,-71.25,-68.75,-66.25,-63.75,-61.25,-58.75,-56.25,-53.75,-51.25,-48.75,-46.25,-43.75,-41.25,-38.75,-36.25,-33.75,-31.25,-28.75,-26.25,-23.75,-21.25,-18.75,-16.25,-13.75,-11.25,-8.75,-6.25,-3.75,-1.25,1.25,3.75,6.25,8.75,11.25,13.75,16.25,18.75,21.25,23.75,26.25,28.75,31.25,33.75,36.25,38.75,41.25,43.75,46.25,48.75,51.25,53.75,56.25,58.75,61.25,63.75,66.25,68.75,71.25,73.75,76.25,78.75,81.25,83.75,86.25,88.75,91.25,93.75,96.25,98.75,101.25,103.75,106.25,108.75,111.25,113.75,116.25,118.75,121.25,123.75,126.25,128.75,131.25,133.75,136.25,138.75,141.25,143.75,146.25,148.75,151.25,153.75,156.25,158.75,161.25,163.75,166.25,168.75,171.25,173.75,176.25,178.75,2
